4	123.0	1309.0
5	119.0	1304.0
6	122.0	1299.0
7	117.0	1315.0
8	115.0	1320.0
9	113.0	1314.0
10	115.0	1300.0
11	115.0	1327.0
12	111.0	1303.0
13	113.0	1294.0
14	112.0	1281.0
15	107.0	1304.0
16	109.0	1317.0
17	112.0	1317.0
18	117.0	1301.0
19	109.0	1286.0
20	113.0	1316.0
21	112.0	1302.0
22	114.0	1334.0
23	127.0	1328.0
24	114.0	1335.0
25	118.0	1318.0
26	109.0	1333.0
27	117.0	1329.0
28	112.0	1300.0
29	110.0	1305.0
30	113.0	1299.0
31	113.0	1338.0
32	114.0	1344.0
33	118.0	1396.0
34	114.0	1450.0
35	113.0	1597.0
36	112.0	1529.0
37	112.0	1588.0
38	110.0	1656.0
39	118.0	1699.0
40	120.0	1766.0
41	128.0	2000.0
42	121.0	3566.0
43	122.0	25664.0
44	138.0	65535.0
45	137.0	65535.0
46	129.0	10166.0
47	120.0	2255.0
48	115.0	1570.0
49	118.0	1421.0
50	116.0	1377.0
51	121.0	1367.0
52	119.0	1341.0
53	114.0	1333.0
54	120.0	1346.0
55	119.0	1292.0
56	117.0	1327.0
57	116.0	1298.0
58	123.0	1294.0
59	117.0	1313.0
60	117.0	1302.0
61	116.0	1301.0
62	123.0	1321.0
63	114.0	1327.0
64	108.0	1274.0
65	110.0	1285.0
66	119.0	1300.0
67	115.0	1262.0
68	117.0	1313.0
69	110.0	1299.0
70	116.0	1294.0
71	112.0	1308.0
72	102.0	1273.0
73	114.0	1290.0
74	113.0	1283.0
75	106.0	1279.0
76	105.0	1274.0
77	114.0	1282.0
78	106.0	1285.0
79	106.0	1287.0
80	115.0	1357.0
81	102.0	1585.0
82	114.0	1539.0
83	105.0	1324.0
84	106.0	1267.0
85	105.0	1278.0
86	110.0	1256.0
87	95.0	1263.0
88	107.0	1256.0
89	102.0	1259.0
90	107.0	1267.0
91	100.0	1296.0
92	101.0	1339.0
93	108.0	1334.0
94	89.0	1301.0
95	97.0	1295.0
96	103.0	1268.0
97	101.0	1257.0
98	92.0	1251.0
99	92.0	1262.0
100	88.0	1277.0
101	91.0	1286.0
102	98.0	1284.0
103	102.0	1255.0
104	104.0	1275.0
105	101.0	1274.0
106	99.0	1277.0
107	104.0	1250.0
108	112.0	1283.0
109	101.0	1275.0
110	98.0	1261.0
111	103.0	1284.0
112	103.0	1299.0
113	99.0	1323.0
114	102.0	1263.0
115	106.0	1274.0
116	99.0	1266.0
117	100.0	1287.0
118	100.0	1233.0
119	95.0	1271.0
120	97.0	1283.0
121	99.0	1273.0
122	98.0	1323.0
123	97.0	1302.0
124	98.0	1281.0
125	96.0	1273.0
126	96.0	1266.0
127	94.0	1265.0
128	111.0	1253.0
129	103.0	1298.0
130	100.0	1282.0
131	96.0	1245.0
132	97.0	1264.0
133	99.0	1252.0
134	100.0	1243.0
135	101.0	1273.0
136	100.0	1256.0
137	98.0	1226.0
138	104.0	1270.0
139	96.0	1279.0
140	99.0	1264.0
141	108.0	1266.0
142	100.0	1287.0
143	112.0	1255.0
144	108.0	1295.0
145	118.0	1262.0
146	112.0	1331.0
147	111.0	1537.0
148	103.0	1515.0
149	106.0	1279.0
150	104.0	1275.0
151	102.0	1287.0
152	106.0	1264.0
153	106.0	1283.0
154	107.0	1241.0
155	100.0	1229.0
156	109.0	1265.0
157	108.0	1274.0
158	114.0	1251.0
159	111.0	1246.0
160	109.0	1276.0
161	108.0	1320.0
162	105.0	1373.0
163	111.0	1315.0
164	109.0	1259.0
165	124.0	1256.0
166	114.0	1250.0
167	111.0	1262.0
168	113.0	1263.0
169	114.0	1257.0
170	109.0	1254.0
171	115.0	1283.0
172	114.0	1289.0
173	120.0	1283.0
174	125.0	1272.0
175	121.0	1259.0
176	118.0	1253.0
177	123.0	1282.0
178	118.0	1285.0
179	117.0	1260.0
180	119.0	1269.0
181	118.0	1256.0
182	111.0	1241.0
183	101.0	1272.0
184	123.0	1272.0
185	114.0	1252.0
186	119.0	1260.0
187	120.0	1278.0
188	126.0	1318.0
189	121.0	1298.0
190	115.0	1260.0
191	126.0	1280.0
192	118.0	1291.0
193	119.0	1303.0
194	122.0	1283.0
195	122.0	1266.0
196	114.0	1308.0
197	117.0	1557.0
198	124.0	1589.0
199	121.0	1361.0
200	120.0	1249.0
201	132.0	1302.0
202	131.0	1268.0
203	127.0	1258.0
204	131.0	1254.0
205	132.0	1270.0
206	133.0	1247.0
207	129.0	1230.0
208	137.0	1251.0
209	138.0	1277.0
210	127.0	1277.0
211	132.0	1253.0
212	132.0	1269.0
213	121.0	1269.0
214	132.0	1270.0
215	117.0	1272.0
216	121.0	1256.0
217	118.0	1246.0
218	130.0	1260.0
219	125.0	1241.0
220	127.0	1264.0
221	121.0	1250.0
222	117.0	1255.0
223	124.0	1260.0
224	119.0	1250.0
225	122.0	1272.0
226	121.0	1251.0
227	128.0	1285.0
228	116.0	1270.0
229	120.0	1283.0
230	115.0	1274.0
231	114.0	1277.0
232	121.0	1272.0
233	119.0	1253.0
234	119.0	1251.0
235	124.0	1247.0
236	122.0	1236.0
237	126.0	1242.0
238	128.0	1266.0
239	134.0	1267.0
240	146.0	1271.0
241	150.0	1290.0
242	151.0	1305.0
243	164.0	1381.0
244	170.0	1369.0
245	163.0	1287.0
246	172.0	1247.0
247	167.0	1240.0
248	178.0	1252.0
249	184.0	1256.0
250	187.0	1265.0
251	183.0	1275.0
252	191.0	1260.0
253	190.0	1260.0
254	185.0	1248.0
255	190.0	1248.0
256	179.0	1257.0
257	188.0	1268.0
258	191.0	1258.0
259	187.0	1258.0
260	186.0	1270.0
261	182.0	1252.0
262	177.0	1270.0
263	176.0	1263.0
264	177.0	1273.0
265	180.0	1269.0
266	181.0	1256.0
267	183.0	1257.0
268	189.0	1245.0
269	180.0	1270.0
270	178.0	1264.0
271	182.0	1276.0
272	181.0	1246.0
273	181.0	1276.0
274	179.0	1235.0
275	176.0	1270.0
276	184.0	1316.0
277	179.0	1287.0
278	185.0	1250.0
279	186.0	1235.0
280	170.0	1237.0
281	176.0	1272.0
282	179.0	1269.0
283	182.0	1277.0
284	182.0	1267.0
285	176.0	1290.0
286	176.0	1270.0
287	181.0	1252.0
288	175.0	1228.0
289	182.0	1243.0
290	182.0	1267.0
291	192.0	1273.0
292	190.0	1266.0
293	182.0	1282.0
294	184.0	1275.0
295	176.0	1251.0
296	186.0	1260.0
297	181.0	1247.0
298	173.0	1267.0
299	200.0	1247.0
300	188.0	1255.0
301	188.0	1272.0
302	197.0	1257.0
303	190.0	1249.0
304	198.0	1269.0
305	215.0	1259.0
306	201.0	1272.0
307	202.0	1252.0
308	193.0	1256.0
309	198.0	1232.0
310	197.0	1245.0
311	194.0	1254.0
312	192.0	1256.0
313	198.0	1214.0
314	204.0	1242.0
315	198.0	1246.0
316	197.0	1257.0
317	197.0	1250.0
318	201.0	1245.0
319	198.0	1263.0
320	207.0	1247.0
321	193.0	1280.0
322	189.0	1243.0
323	194.0	1236.0
324	205.0	1241.0
325	204.0	1273.0
326	198.0	1234.0
327	199.0	1245.0
328	200.0	1238.0
329	197.0	1266.0
330	201.0	1224.0
331	190.0	1243.0
332	184.0	1262.0
333	186.0	1273.0
334	190.0	1295.0
335	194.0	1288.0
336	191.0	1371.0
337	174.0	1329.0
338	169.0	1252.0
339	169.0	1255.0
340	165.0	1276.0
341	152.0	1265.0
342	151.0	1266.0
343	152.0	1262.0
344	139.0	1263.0
345	134.0	1272.0
346	124.0	1254.0
347	115.0	1253.0
348	123.0	1245.0
349	120.0	1251.0
350	118.0	1248.0
351	111.0	1243.0
352	118.0	1250.0
353	107.0	1258.0
354	110.0	1255.0
355	116.0	1246.0
356	117.0	1271.0
357	114.0	1261.0
358	118.0	1249.0
359	122.0	1257.0
360	133.0	1259.0
361	132.0	1307.0
362	138.0	1390.0
363	136.0	1366.0
364	143.0	1322.0
365	136.0	1569.0
366	148.0	4981.0
367	153.0	16297.0
368	158.0	13647.0
369	177.0	2985.0
370	177.0	1618.0
371	183.0	1346.0
372	209.0	1342.0
373	212.0	1305.0
374	241.0	1274.0
375	250.0	1285.0
376	264.0	1263.0
377	277.0	1259.0
378	275.0	1238.0
379	276.0	1245.0
380	288.0	1244.0
381	328.0	1277.0
382	339.0	1285.0
383	365.0	1261.0
384	366.0	1288.0
385	384.0	1302.0
386	381.0	1358.0
387	373.0	1796.0
388	410.0	6908.0
389	431.0	17132.0
390	420.0	11653.0
391	418.0	2559.0
392	427.0	1492.0
393	421.0	1358.0
394	428.0	1292.0
395	429.0	1324.0
396	417.0	1271.0
397	426.0	1288.0
398	499.0	1277.0
399	477.0	1286.0
400	488.0	1296.0
401	492.0	1321.0
402	490.0	1268.0
403	504.0	1276.0
404	493.0	1279.0
405	497.0	1282.0
406	495.0	1262.0
407	504.0	1280.0
408	508.0	1248.0
409	493.0	1251.0
410	495.0	1273.0
411	484.0	1321.0
412	490.0	1270.0
413	494.0	1256.0
414	480.0	1267.0
415	478.0	1264.0
416	470.0	1280.0
417	474.0	1255.0
418	465.0	1294.0
419	435.0	1291.0
420	443.0	1330.0
421	413.0	1258.0
422	415.0	1263.0
423	397.0	1251.0
424	374.0	1273.0
425	362.0	1235.0
426	330.0	1257.0
427	321.0	1265.0
428	312.0	1261.0
429	330.0	1264.0
430	336.0	1249.0
431	339.0	1274.0
432	323.0	1266.0
433	352.0	1258.0
434	353.0	1326.0
435	373.0	1350.0
436	370.0	1261.0
437	368.0	1269.0
438	370.0	1275.0
439	364.0	1239.0
440	368.0	1253.0
441	365.0	1256.0
442	349.0	1250.0
443	355.0	1263.0
444	337.0	1243.0
445	340.0	1242.0
446	333.0	1220.0
447	333.0	1271.0
448	306.0	1261.0
449	316.0	1303.0
450	298.0	1293.0
451	282.0	1462.0
452	297.0	4147.0
453	280.0	10536.0
454	292.0	7453.0
455	262.0	2016.0
456	258.0	1387.0
457	249.0	1311.0
458	236.0	1304.0
459	252.0	1264.0
460	238.0	1306.0
461	231.0	1393.0
462	226.0	1371.0
463	228.0	1284.0
464	214.0	1246.0
465	210.0	1281.0
466	211.0	1292.0
467	202.0	1227.0
468	201.0	1240.0
469	202.0	1231.0
470	190.0	1232.0
471	199.0	1240.0
472	195.0	1245.0
473	184.0	1236.0
474	188.0	1271.0
475	189.0	1254.0
476	174.0	1252.0
477	170.0	1256.0
478	166.0	1272.0
479	172.0	1257.0
480	179.0	1263.0
481	177.0	1240.0
482	188.0	1302.0
483	176.0	1638.0
484	178.0	1784.0
485	172.0	1457.0
486	165.0	1292.0
487	168.0	1273.0
488	158.0	1259.0
489	162.0	1314.0
490	166.0	1574.0
491	166.0	1588.0
492	161.0	1308.0
493	166.0	1267.0
494	156.0	1253.0
495	163.0	1263.0
496	182.0	1256.0
497	166.0	1256.0
498	160.0	1255.0
499	166.0	1268.0
500	164.0	1281.0
501	158.0	1286.0
502	169.0	1232.0
503	155.0	1263.0
504	164.0	1304.0
505	161.0	1326.0
506	164.0	1263.0
507	160.0	1264.0
508	175.0	1249.0
509	171.0	1262.0
510	181.0	1253.0
511	163.0	1225.0
512	161.0	1260.0
513	165.0	1252.0
514	168.0	1585.0
515	146.0	1750.0
516	171.0	1414.0
517	158.0	1292.0
518	158.0	1252.0
519	155.0	1294.0
520	152.0	1283.0
521	152.0	1263.0
522	147.0	1262.0
523	135.0	1286.0
524	146.0	1239.0
525	148.0	1253.0
526	144.0	1237.0
527	137.0	1237.0
528	137.0	1219.0
529	144.0	1255.0
530	147.0	1268.0
531	137.0	1362.0
532	136.0	1510.0
533	130.0	1371.0
534	131.0	1293.0
535	126.0	1254.0
536	123.0	1255.0
537	124.0	1289.0
538	127.0	1257.0
539	116.0	1254.0
540	118.0	1265.0
541	128.0	1259.0
542	116.0	1232.0
543	116.0	1240.0
544	121.0	1279.0
545	114.0	1286.0
546	117.0	1307.0
547	114.0	1364.0
548	115.0	1676.0
549	104.0	1769.0
550	120.0	1341.0
551	118.0	1293.0
552	109.0	1254.0
553	117.0	1266.0
554	106.0	1250.0
555	110.0	1272.0
556	117.0	1252.0
557	108.0	1287.0
558	118.0	1247.0
559	114.0	1263.0
560	114.0	1220.0
561	107.0	1230.0
562	108.0	1251.0
563	107.0	1265.0
564	113.0	1257.0
565	114.0	1274.0
566	104.0	1279.0
567	113.0	1241.0
568	116.0	1276.0
569	108.0	1264.0
570	105.0	1293.0
571	108.0	1289.0
572	107.0	1254.0
573	105.0	1246.0
574	108.0	1264.0
575	112.0	1280.0
576	102.0	1328.0
577	102.0	1265.0
578	93.0	1289.0
579	117.0	1330.0
580	105.0	1364.0
581	113.0	1316.0
582	103.0	1268.0
583	102.0	1262.0
584	108.0	1247.0
585	103.0	1234.0
586	112.0	1232.0
587	99.0	1246.0
588	107.0	1249.0
589	103.0	1267.0
590	99.0	1273.0
591	109.0	1236.0
592	100.0	1335.0
593	100.0	1322.0
594	112.0	1261.0
595	112.0	1268.0
596	113.0	1298.0
597	118.0	1313.0
598	112.0	1253.0
599	107.0	1238.0
600	110.0	1250.0
601	113.0	1245.0
602	120.0	1270.0
603	112.0	1270.0
604	115.0	1309.0
605	112.0	1297.0
606	112.0	1252.0
607	115.0	1249.0
608	114.0	1233.0
609	115.0	1246.0
610	111.0	1276.0
611	109.0	1272.0
612	104.0	1296.0
613	110.0	1242.0
614	111.0	1239.0
615	115.0	1256.0
616	112.0	1230.0
617	109.0	1248.0
618	110.0	1251.0
619	112.0	1271.0
620	113.0	1282.0
621	114.0	1267.0
622	122.0	1256.0
623	110.0	1263.0
624	105.0	1287.0
625	114.0	1275.0
626	107.0	1279.0
627	114.0	1252.0
628	114.0	1257.0
629	108.0	1295.0
630	115.0	1311.0
631	111.0	1337.0
632	119.0	1282.0
633	103.0	1266.0
634	118.0	1277.0
635	120.0	1325.0
636	111.0	1476.0
637	110.0	1639.0
638	112.0	2479.0
639	108.0	2264.0
640	116.0	1396.0
641	115.0	1290.0
642	105.0	1301.0
643	108.0	1255.0
644	100.0	1260.0
645	109.0	1250.0
646	113.0	1271.0
647	110.0	1260.0
648	103.0	1311.0
649	106.0	1628.0
650	114.0	1809.0
651	112.0	1403.0
652	106.0	1316.0
653	106.0	1279.0
654	109.0	1262.0
655	111.0	1242.0
656	114.0	1283.0
657	114.0	1264.0
658	114.0	1281.0
659	102.0	1357.0
660	106.0	1373.0
661	106.0	1283.0
662	107.0	1280.0
663	108.0	1282.0
664	114.0	1250.0
665	106.0	1340.0
666	99.0	1501.0
667	96.0	1500.0
668	107.0	1307.0
669	111.0	1279.0
670	103.0	1266.0
671	105.0	1280.0
672	102.0	1262.0
673	100.0	1255.0
674	103.0	1275.0
675	92.0	1265.0
676	103.0	1250.0
677	108.0	1249.0
678	102.0	1275.0
679	98.0	1281.0
680	107.0	1376.0
681	99.0	1637.0
682	101.0	1818.0
683	97.0	1369.0
684	110.0	1274.0
685	105.0	1244.0
686	104.0	1266.0
687	94.0	1263.0
688	96.0	1288.0
689	102.0	1289.0
690	108.0	1244.0
691	110.0	1229.0
692	114.0	1257.0
