-5.467624114364867;0.2
-5.462624114364867;0.2
-5.456624114364867;0.2
-5.451624114364867;0.2
-5.446624114364867;0.2
-5.441624114364867;0.2
-5.435624114364867;0.2
-5.430624114364867;0.2
-5.425624114364867;0.2
-5.419624114364867;0.2
-5.414624114364867;0.2
-5.409624114364867;0.2
-5.403624114364867;0.3
-5.398624114364867;0.3
-5.393624114364867;0.3
-5.388624114364867;0.3
-5.382624114364867;0.3
-5.377624114364867;0.3
-5.372624114364867;0.3
-5.366624114364867;0.3
-5.361624114364867;0.3
-5.356624114364867;0.3
-5.350624114364867;0.3
-5.345624114364867;0.3
-5.340624114364867;0.3
-5.335624114364867;0.3
-5.329624114364867;0.3
-5.324624114364867;0.3
-5.319624114364867;0.3
-5.313624114364867;0.3
-5.308624114364867;0.3
-5.303624114364867;0.3
-5.297624114364867;0.3
-5.292624114364867;0.3
-5.287624114364867;0.3
-5.282624114364867;0.3
-5.276624114364867;0.3
-5.271624114364867;0.3
-5.266624114364867;0.3
-5.260624114364867;0.3
-5.255624114364867;0.3
-5.250624114364867;0.3
-5.244624114364867;0.3
-5.239624114364867;0.3
-5.234624114364867;0.3
-5.229624114364867;0.3
-5.223624114364867;0.3
-5.218624114364867;0.3
-5.213624114364867;0.3
-5.207624114364867;0.3
-5.202624114364867;0.3
-5.197624114364867;0.3
-5.191624114364867;0.3
-5.186624114364867;0.3
-5.181624114364867;0.3
-5.175624114364867;0.3
-5.170624114364867;0.3
-5.165624114364867;0.3
-5.160624114364867;0.3
-5.154624114364867;0.3
-5.149624114364867;0.3
-5.144624114364867;0.3
-5.138624114364867;0.3
-5.133624114364867;0.3
-5.128624114364867;0.3
-5.122624114364867;0.3
-5.117624114364867;0.3
-5.112624114364867;0.3
-5.107624114364867;0.3
-5.101624114364867;0.3
-5.096624114364867;0.3
-5.091624114364867;0.3
-5.085624114364867;0.3
-5.080624114364867;0.3
-5.075624114364867;0.3
-5.069624114364867;0.4
-5.064624114364867;0.4
-5.059624114364867;0.4
-5.053624114364867;0.4
-5.048624114364867;0.4
-5.043624114364867;0.4
-5.038624114364867;0.4
-5.032624114364867;0.4
-5.027624114364867;0.4
-5.022624114364867;0.4
-5.016624114364867;0.4
-5.011624114364867;0.4
-5.006624114364867;0.4
-5.000624114364867;0.4
-4.995624114364867;0.4
-4.990624114364867;0.4
-4.984624114364867;0.4
-4.979624114364867;0.4
-4.974624114364867;0.4
-4.969624114364867;0.4
-4.963624114364867;0.4
-4.958624114364867;0.4
-4.953624114364867;0.4
-4.947624114364867;0.4
-4.942624114364867;0.4
-4.937624114364867;0.4
-4.931624114364867;0.4
-4.926624114364867;0.4
-4.921624114364867;0.4
-4.915624114364867;0.4
-4.910624114364867;0.4
-4.905624114364867;0.4
-4.900624114364867;0.4
-4.894624114364867;0.4
-4.889624114364867;0.4
-4.884624114364867;0.4
-4.878624114364867;0.4
-4.873624114364867;0.4
-4.868624114364867;0.4
-4.862624114364867;0.4
-4.857624114364867;0.4
-4.852624114364867;0.4
-4.846624114364867;0.4
-4.841624114364867;0.4
-4.836624114364867;0.4
-4.831624114364867;0.4
-4.825624114364867;0.4
-4.820624114364867;0.4
-4.815624114364867;0.4
-4.809624114364867;0.4
-4.804624114364867;0.4
-4.799624114364867;0.4
-4.793624114364867;0.4
-4.788624114364867;0.4
-4.783624114364867;0.4
-4.777624114364867;0.4
-4.772624114364867;0.4
-4.7676241143648665;0.4
-4.761624114364867;0.4
-4.756624114364867;0.4
-4.751624114364867;0.4
-4.746624114364867;0.4
-4.740624114364867;0.4
-4.735624114364867;0.4
-4.730624114364867;0.4
-4.724624114364867;0.4
-4.719624114364867;0.4
-4.714624114364867;0.4
-4.708624114364867;0.4
-4.703624114364867;0.4
-4.698624114364867;0.4
-4.692624114364867;0.4
-4.687624114364867;0.4
-4.682624114364867;0.4
-4.676624114364867;0.4
-4.671624114364867;0.4
-4.666624114364867;0.4
-4.661624114364867;0.4
-4.655624114364867;0.4
-4.650624114364867;0.4
-4.645624114364867;0.4
-4.639624114364867;0.4
-4.634624114364867;0.4
-4.629624114364867;0.4
-4.623624114364867;0.4
-4.618624114364867;0.4
-4.613624114364867;0.4
-4.607624114364867;0.4
-4.602624114364867;0.4
-4.597624114364867;0.4
-4.591624114364867;0.4
-4.586624114364867;0.4
-4.581624114364867;0.4
-4.576624114364867;0.4
-4.570624114364867;0.4
-4.565624114364867;0.4
-4.560624114364867;0.4
-4.554624114364867;0.4
-4.549624114364867;0.4
-4.544624114364867;0.4
-4.538624114364867;0.4
-4.533624114364867;0.4
-4.528624114364867;0.4
-4.522624114364867;0.4
-4.5176241143648665;0.4
-4.512624114364867;0.4
-4.506624114364867;0.4
-4.501624114364867;0.4
-4.496624114364867;0.4
-4.491624114364867;0.4
-4.485624114364867;0.4
-4.480624114364867;0.4
-4.475624114364867;0.4
-4.469624114364867;0.4
-4.464624114364867;0.4
-4.459624114364867;0.4
-4.453624114364867;0.4
-4.448624114364867;0.4
-4.443624114364867;0.4
-4.437624114364867;0.4
-4.432624114364867;0.4
-4.427624114364867;0.4
-4.421624114364867;0.4
-4.416624114364867;0.4
-4.411624114364867;0.4
-4.405624114364867;0.4
-4.400624114364867;0.4
-4.395624114364867;0.4
-4.390624114364867;0.4
-4.384624114364867;0.4
-4.379624114364867;0.4
-4.374624114364867;0.4
-4.368624114364867;0.4
-4.363624114364867;0.4
-4.358624114364867;0.4
-4.352624114364867;0.4
-4.347624114364867;0.4
-4.342624114364867;0.4
-4.336624114364867;0.4
-4.331624114364867;0.4
-4.326624114364867;0.4
-4.320624114364867;0.4
-4.315624114364867;0.4
-4.310624114364867;0.4
-4.304624114364867;0.4
-4.299624114364867;0.4
-4.294624114364867;0.4
-4.288624114364867;0.4
-4.283624114364867;0.4
-4.278624114364867;0.4
-4.273624114364867;0.4
-4.2676241143648665;0.4
-4.262624114364867;0.4
-4.257624114364867;0.4
-4.251624114364867;0.4
-4.246624114364867;0.4
-4.241624114364867;0.4
-4.235624114364867;0.4
-4.230624114364867;0.4
-4.225624114364867;0.4
-4.219624114364867;0.4
-4.214624114364867;0.4
-4.209624114364867;0.4
-4.203624114364867;0.4
-4.198624114364867;0.4
-4.193624114364867;0.4
-4.187624114364867;0.4
-4.182624114364867;0.4
-4.177624114364867;0.4
-4.171624114364867;0.4
-4.166624114364867;0.4
-4.161624114364867;0.4
-4.156624114364867;0.4
-4.150624114364867;0.4
-4.145624114364867;0.4
-4.140624114364867;0.4
-4.134624114364867;0.4
-4.129624114364867;0.4
-4.124624114364867;0.4
-4.118624114364867;0.4
-4.113624114364867;0.4
-4.108624114364867;0.4
-4.102624114364867;0.4
-4.097624114364867;0.4
-4.092624114364867;0.4
-4.086624114364867;0.4
-4.081624114364867;0.4
-4.076624114364867;0.4
-4.070624114364867;0.4
-4.065624114364867;0.4
-4.060624114364867;0.4
-4.054624114364867;0.4
-4.049624114364867;0.4
-4.044624114364867;0.4
-4.038624114364867;0.4
-4.033624114364867;0.4
-4.028624114364867;0.4
-4.022624114364867;0.4
-4.0176241143648665;0.4
-4.012624114364867;0.5
-4.007624114364867;0.5
-4.0016241143648665;0.5
-3.996624114364867;0.5
-3.991624114364867;0.6
-3.985624114364867;0.6
-3.980624114364867;0.6
-3.975624114364867;0.6
-3.969624114364867;0.6
-3.964624114364867;0.6
-3.959624114364867;0.6
-3.953624114364867;0.6
-3.948624114364867;0.6
-3.943624114364867;0.6
-3.937624114364867;0.7
-3.932624114364867;0.7
-3.927624114364867;0.7
-3.921624114364867;0.7
-3.916624114364867;0.7
-3.911624114364867;0.7
-3.905624114364867;0.7
-3.900624114364867;0.7
-3.895624114364867;0.8
-3.889624114364867;0.8
-3.884624114364867;0.8
-3.879624114364867;0.8
-3.873624114364867;0.8
-3.868624114364867;0.8
-3.863624114364867;0.8
-3.857624114364867;0.8
-3.852624114364867;0.8
-3.847624114364867;0.8
-3.842624114364867;0.8
-3.836624114364867;0.8
-3.831624114364867;0.8
-3.826624114364867;0.8
-3.820624114364867;0.8
-3.815624114364867;0.8
-3.810624114364867;0.8
-3.804624114364867;0.8
-3.799624114364867;0.8
-3.794624114364867;0.8
-3.788624114364867;0.8
-3.783624114364867;0.8
-3.778624114364867;0.8
-3.772624114364867;0.8
-3.767624114364867;0.8
-3.762624114364867;0.8
-3.756624114364867;0.8
-3.751624114364867;0.8
-3.746624114364867;0.8
-3.740624114364867;0.8
-3.735624114364867;0.8
-3.730624114364867;0.8
-3.724624114364867;0.8
-3.719624114364867;0.8
-3.714624114364867;0.8
-3.708624114364867;0.8
-3.703624114364867;0.8
-3.698624114364867;0.9
-3.692624114364867;1.1
-3.687624114364867;1.2
-3.682624114364867;1.2
-3.676624114364867;1.2
-3.671624114364867;1.2
-3.666624114364867;1.2
-3.660624114364867;1.2
-3.655624114364867;1.2
-3.650624114364867;1.2
-3.645624114364867;1.2
-3.639624114364867;1.2
-3.634624114364867;1.0
-3.629624114364867;1.0
-3.623624114364867;0.9
-3.618624114364867;0.9
-3.613624114364867;0.9
-3.607624114364867;1.0
-3.602624114364867;1.0
-3.597624114364867;1.1
-3.591624114364867;1.2
-3.586624114364867;1.2
-3.581624114364867;1.4
-3.575624114364867;1.6
-3.570624114364867;1.6
-3.565624114364867;1.8
-3.559624114364867;1.8
-3.554624114364867;1.8
-3.549624114364867;1.8
-3.543624114364867;1.7
-3.538624114364867;1.6
-3.533624114364867;1.6
-3.527624114364867;1.6
-3.522624114364867;1.6
-3.517624114364867;1.2
-3.511624114364867;1.2
-3.506624114364867;1.2
-3.501624114364867;1.2
-3.495624114364867;1.2
-3.490624114364867;1.2
-3.485624114364867;1.2
-3.479624114364867;1.5
-3.474624114364867;1.6
-3.469624114364867;2.0
-3.463624114364867;2.3
-3.458624114364867;2.7
-3.453624114364867;2.7
-3.447624114364867;2.8
-3.442624114364867;2.8
-3.437624114364867;2.8
-3.431624114364867;2.8
-3.426624114364867;2.7
-3.421624114364867;2.5
-3.415624114364867;2.5
-3.410624114364867;2.4
-3.405624114364867;2.0
-3.399624114364867;1.6
-3.3946241143648668;1.6
-3.389624114364867;1.6
-3.383624114364867;1.6
-3.378624114364867;1.6
-3.373624114364867;1.7
-3.367624114364867;2.0
-3.362624114364867;2.4
-3.357624114364867;2.8
-3.351624114364867;3.1
-3.346624114364867;3.3
-3.341624114364867;3.6
-3.335624114364867;3.6
-3.330624114364867;4.0
-3.325624114364867;4.0
-3.319624114364867;4.0
-3.314624114364867;3.6
-3.309624114364867;3.3
-3.304624114364867;2.9
-3.298624114364867;2.8
-3.293624114364867;2.8
-3.288624114364867;2.8
-3.282624114364867;2.4
-3.277624114364867;2.3
-3.272624114364867;2.0
-3.266624114364867;2.0
-3.261624114364867;2.0
-3.256624114364867;2.2
-3.250624114364867;2.5
-3.245624114364867;3.1
-3.240624114364867;3.5
-3.234624114364867;4.0
-3.229624114364867;4.3
-3.224624114364867;4.4
-3.218624114364867;4.8
-3.213624114364867;5.2
-3.208624114364867;5.6
-3.202624114364867;6.0
-3.197624114364867;5.7
-3.192624114364867;5.4
-3.186624114364867;5.2
-3.181624114364867;5.1
-3.176624114364867;4.7
-3.170624114364867;4.3
-3.165624114364867;3.6
-3.160624114364867;3.2
-3.154624114364867;2.8
-3.149624114364867;2.7
-3.1446241143648668;2.7
-3.138624114364867;2.7
-3.133624114364867;2.8
-3.128624114364867;3.2
-3.122624114364867;3.6
-3.117624114364867;4.4
-3.112624114364867;4.8
-3.106624114364867;5.6
-3.101624114364867;6.0
-3.096624114364867;6.4
-3.090624114364867;6.8
-3.085624114364867;7.6
-3.080624114364867;8.0
-3.074624114364867;7.9
-3.069624114364867;7.2
-3.064624114364867;6.8
-3.058624114364867;6.5
-3.053624114364867;6.5
-3.048624114364867;6.2
-3.042624114364867;5.5
-3.037624114364867;4.7
-3.032624114364867;4.0
-3.026624114364867;3.6
-3.021624114364867;3.3
-3.016624114364867;3.2
-3.010624114364867;3.2
-3.005624114364867;3.6
-3.000624114364867;4.0
-2.994624114364867;4.6
-2.989624114364867;5.4
-2.984624114364867;6.4
-2.978624114364867;7.2
-2.973624114364867;7.7
-2.968624114364867;8.1
-2.962624114364867;8.6
-2.957624114364867;9.4
-2.952624114364867;10.1
-2.946624114364867;10.2
-2.941624114364867;9.8
-2.936624114364867;9.0
-2.930624114364867;8.5
-2.925624114364867;8.2
-2.920624114364867;7.8
-2.914624114364867;7.2
-2.909624114364867;6.4
-2.904624114364867;5.6
-2.8986241143648668;4.7
-2.893624114364867;4.1
-2.888624114364867;4.0
-2.882624114364867;4.0
-2.877624114364867;4.0
-2.872624114364867;4.4
-2.866624114364867;4.8
-2.861624114364867;5.5
-2.856624114364867;6.7
-2.850624114364867;7.9
-2.845624114364867;8.8
-2.840624114364867;9.6
-2.834624114364867;9.9
-2.829624114364867;10.3
-2.824624114364867;11.1
-2.818624114364867;12.1
-2.813624114364867;12.9
-2.808624114364867;12.8
-2.802624114364867;12.0
-2.797624114364867;11.1
-2.792624114364867;10.4
-2.786624114364867;10.2
-2.781624114364867;9.8
-2.776624114364867;9.2
-2.770624114364867;8.1
-2.7656241143648668;6.9
-2.760624114364867;6.0
-2.754624114364867;5.2
-2.749624114364867;4.8
-2.744624114364867;4.5
-2.738624114364867;4.4
-2.733624114364867;4.8
-2.728624114364867;5.4
-2.722624114364867;6.4
-2.717624114364867;7.6
-2.712624114364867;8.9
-2.706624114364867;10.0
-2.701624114364867;10.8
-2.696624114364867;11.2
-2.690624114364867;11.6
-2.685624114364867;12.8
-2.680624114364867;14.1
-2.674624114364867;15.4
-2.669624114364867;16.0
-2.664624114364867;15.6
-2.658624114364867;14.5
-2.653624114364867;13.3
-2.6486241143648668;12.5
-2.642624114364867;12.0
-2.637624114364867;11.6
-2.632624114364867;10.9
-2.626624114364867;9.9
-2.621624114364867;8.5
-2.615624114364867;7.3
-2.610624114364867;6.5
-2.605624114364867;6.0
-2.599624114364867;5.6
-2.594624114364867;5.6
-2.589624114364867;5.6
-2.583624114364867;6.1
-2.578624114364867;6.8
-2.573624114364867;8.0
-2.567624114364867;9.6
-2.562624114364867;11.2
-2.557624114364867;12.7
-2.551624114364867;13.5
-2.546624114364867;13.8
-2.541624114364867;14.0
-2.535624114364867;14.7
-2.530624114364867;15.9
-2.525624114364867;17.1
-2.5196241143648668;17.9
-2.514624114364867;17.9
-2.509624114364867;17.2
-2.503624114364867;16.0
-2.498624114364867;15.1
-2.493624114364867;14.3
-2.487624114364867;13.9
-2.482624114364867;13.2
-2.477624114364867;12.4
-2.471624114364867;11.2
-2.466624114364867;10.0
-2.461624114364867;8.6
-2.455624114364867;7.5
-2.450624114364867;6.7
-2.445624114364867;6.2
-2.439624114364867;6.1
-2.434624114364867;6.1
-2.429624114364867;6.5
-2.423624114364867;7.3
-2.418624114364867;8.4
-2.413624114364867;10.0
-2.407624114364867;12.0
-2.402624114364867;13.6
-2.397624114364867;14.8
-2.391624114364867;15.6
-2.386624114364867;15.6
-2.381624114364867;16.0
-2.375624114364867;16.8
-2.370624114364867;18.4
-2.365624114364867;20.1
-2.359624114364867;20.9
-2.354624114364867;20.8
-2.349624114364867;19.6
-2.343624114364867;18.4
-2.338624114364867;17.2
-2.333624114364867;16.4
-2.327624114364867;16.0
-2.322624114364867;15.2
-2.317624114364867;14.4
-2.311624114364867;13.5
-2.306624114364867;12.3
-2.301624114364867;10.8
-2.295624114364867;9.6
-2.290624114364867;8.4
-2.285624114364867;7.6
-2.279624114364867;7.1
-2.274624114364867;6.8
-2.2696241143648668;6.8
-2.263624114364867;7.1
-2.258624114364867;7.6
-2.253624114364867;8.8
-2.247624114364867;10.4
-2.242624114364867;12.4
-2.236624114364867;14.5
-2.231624114364867;16.2
-2.226624114364867;17.0
-2.220624114364867;17.3
-2.215624114364867;17.6
-2.210624114364867;18.0
-2.204624114364867;19.2
-2.199624114364867;21.2
-2.194624114364867;23.1
-2.188624114364867;24.2
-2.183624114364867;24.0
-2.178624114364867;22.8
-2.172624114364867;21.3
-2.167624114364867;20.0
-2.162624114364867;19.0
-2.156624114364867;18.3
-2.151624114364867;17.6
-2.146624114364867;16.8
-2.1406241143648668;16.0
-2.135624114364867;15.2
-2.130624114364867;13.9
-2.124624114364867;12.4
-2.119624114364867;10.9
-2.114624114364867;9.6
-2.108624114364867;8.8
-2.103624114364867;8.0
-2.098624114364867;7.6
-2.092624114364867;7.6
-2.087624114364867;7.6
-2.082624114364867;8.0
-2.076624114364867;8.8
-2.071624114364867;10.0
-2.066624114364867;11.5
-2.060624114364867;13.5
-2.055624114364867;15.5
-2.050624114364867;17.2
-2.044624114364867;18.5
-2.039624114364867;19.1
-2.034624114364867;19.1
-2.028624114364867;19.4
-2.0236241143648668;20.2
-2.018624114364867;21.9
-2.012624114364867;24.2
-2.0076241143648668;26.2
-2.002624114364867;27.0
-1.996624114364867;26.6
-1.991624114364867;25.2
-1.985624114364867;23.7
-1.980624114364867;22.1
-1.975624114364867;21.2
-1.969624114364867;20.4
-1.964624114364867;19.9
-1.959624114364867;19.3
-1.953624114364867;18.6
-1.948624114364867;17.6
-1.943624114364867;16.4
-1.937624114364867;15.1
-1.932624114364867;13.7
-1.927624114364867;12.4
-1.921624114364867;11.2
-1.916624114364867;10.0
-1.911624114364867;9.2
-1.905624114364867;8.7
-1.900624114364867;8.3
-1.8956241143648669;8.3
-1.8896241143648669;8.5
-1.884624114364867;9.2
-1.879624114364867;10.0
-1.873624114364867;11.2
-1.868624114364867;12.9
-1.863624114364867;15.2
-1.857624114364867;17.4
-1.852624114364867;19.3
-1.847624114364867;20.5
-1.841624114364867;20.9
-1.836624114364867;20.9
-1.831624114364867;20.7
-1.825624114364867;20.7
-1.820624114364867;21.1
-1.815624114364867;22.5
-1.809624114364867;24.9
-1.804624114364867;27.5
-1.799624114364867;29.1
-1.793624114364867;29.1
-1.788624114364867;27.8
-1.782624114364867;26.2
-1.777624114364867;24.5
-1.7726241143648669;23.3
-1.7666241143648669;22.4
-1.761624114364867;21.6
-1.756624114364867;21.2
-1.750624114364867;20.4
-1.745624114364867;19.7
-1.740624114364867;19.2
-1.734624114364867;18.4
-1.729624114364867;17.5
-1.724624114364867;16.3
-1.718624114364867;14.8
-1.713624114364867;13.3
-1.708624114364867;12.1
-1.702624114364867;11.0
-1.697624114364867;10.0
-1.692624114364867;9.6
-1.686624114364867;9.2
-1.681624114364867;8.8
-1.676624114364867;8.7
-1.670624114364867;8.8
-1.665624114364867;9.3
-1.660624114364867;10.1
-1.654624114364867;11.3
-1.649624114364867;12.9
-1.644624114364867;15.1
-1.638624114364867;17.3
-1.633624114364867;19.5
-1.628624114364867;21.2
-1.622624114364867;22.4
-1.617624114364867;22.8
-1.612624114364867;22.8
-1.606624114364867;22.3
-1.601624114364867;22.1
-1.595624114364867;22.4
-1.590624114364867;23.5
-1.585624114364867;25.6
-1.579624114364867;28.2
-1.574624114364867;30.9
-1.569624114364867;32.6
-1.563624114364867;32.8
-1.558624114364867;31.6
-1.553624114364867;29.5
-1.547624114364867;27.4
-1.542624114364867;25.4
-1.537624114364867;24.1
-1.531624114364867;23.2
-1.526624114364867;23.2
-1.521624114364867;23.2
-1.515624114364867;23.2
-1.510624114364867;23.0
-1.505624114364867;22.6
-1.499624114364867;21.9
-1.494624114364867;20.8
-1.489624114364867;19.6
-1.483624114364867;18.1
-1.478624114364867;16.5
-1.473624114364867;15.1
-1.467624114364867;13.6
-1.462624114364867;12.5
-1.457624114364867;11.6
-1.451624114364867;10.8
-1.446624114364867;10.0
-1.441624114364867;9.6
-1.435624114364867;9.2
-1.430624114364867;9.2
-1.424624114364867;9.2
-1.419624114364867;9.3
-1.414624114364867;9.7
-1.408624114364867;10.3
-1.403624114364867;11.1
-1.398624114364867;12.3
-1.392624114364867;14.0
-1.387624114364867;16.0
-1.382624114364867;18.1
-1.376624114364867;20.2
-1.371624114364867;22.0
-1.366624114364867;23.5
-1.360624114364867;24.4
-1.355624114364867;24.7
-1.350624114364867;24.3
-1.344624114364867;23.6
-1.339624114364867;23.2
-1.334624114364867;23.0
-1.328624114364867;23.2
-1.323624114364867;24.3
-1.318624114364867;26.0
-1.312624114364867;28.4
-1.307624114364867;31.2
-1.302624114364867;33.8
-1.296624114364867;35.6
-1.291624114364867;36.0
-1.286624114364867;35.2
-1.280624114364867;33.4
-1.275624114364867;31.0
-1.269624114364867;28.9
-1.2646241143648669;27.1
-1.259624114364867;25.7
-1.253624114364867;24.9
-1.248624114364867;24.6
-1.243624114364867;24.6
-1.237624114364867;24.9
-1.232624114364867;25.2
-1.227624114364867;25.2
-1.221624114364867;25.2
-1.216624114364867;24.8
-1.211624114364867;24.0
-1.205624114364867;23.0
-1.200624114364867;21.8
-1.195624114364867;20.3
-1.189624114364867;18.7
-1.184624114364867;17.2
-1.179624114364867;15.6
-1.173624114364867;14.4
-1.168624114364867;13.2
-1.163624114364867;12.4
-1.157624114364867;11.6
-1.152624114364867;10.8
-1.1476241143648669;10.4
-1.1416241143648669;10.1
-1.136624114364867;9.9
-1.131624114364867;9.6
-1.125624114364867;9.3
-1.120624114364867;9.3
-1.114624114364867;9.3
-1.109624114364867;9.6
-1.104624114364867;10.0
-1.098624114364867;10.4
-1.093624114364867;11.1
-1.088624114364867;11.9
-1.082624114364867;13.1
-1.077624114364867;14.7
-1.072624114364867;16.3
-1.066624114364867;18.1
-1.061624114364867;19.8
-1.056624114364867;21.6
-1.050624114364867;23.3
-1.045624114364867;24.7
-1.040624114364867;25.8
-1.034624114364867;26.2
-1.029624114364867;26.1
-1.024624114364867;25.8
-1.0186241143648669;25.3
-1.013624114364867;24.9
-1.0086241143648669;24.4
-1.0026241143648669;24.0
-0.997624114364867;23.7
-0.9926241143648669;24.1
-0.9866241143648669;25.0
-0.981624114364867;26.5
-0.975624114364867;28.3
-0.9706241143648668;30.5
-0.965624114364867;32.9
-0.9596241143648669;35.3
-0.9546241143648668;37.4
-0.9496241143648669;38.9
-0.9436241143648669;39.7
-0.938624114364867;39.4
-0.9336241143648669;38.2
-0.9276241143648669;36.3
-0.922624114364867;34.2
-0.9176241143648669;32.2
-0.9116241143648669;30.1
-0.906624114364867;28.4
-0.9016241143648669;27.2
-0.8956241143648669;26.1
-0.890624114364867;25.6
-0.8856241143648669;25.2
-0.8796241143648669;25.2
-0.874624114364867;25.3
-0.8696241143648669;25.6
-0.8636241143648669;26.0
-0.858624114364867;26.4
-0.8536241143648668;26.8
-0.8476241143648668;27.1
-0.842624114364867;27.2
-0.8366241143648669;27.0
-0.8316241143648668;26.6
-0.8266241143648669;26.0
-0.8206241143648669;25.2
-0.815624114364867;24.2
-0.8106241143648669;23.2
-0.8046241143648669;22.0
-0.799624114364867;20.8
-0.7946241143648669;19.6
-0.7886241143648669;18.4
-0.783624114364867;17.3
-0.7786241143648669;16.3
-0.7726241143648669;15.5
-0.767624114364867;14.6
-0.7626241143648669;13.8
-0.7566241143648669;13.1
-0.751624114364867;12.3
-0.7466241143648669;11.7
-0.7406241143648669;11.2
-0.735624114364867;10.8
-0.7306241143648669;10.4
-0.7246241143648668;10.3
-0.719624114364867;10.0
-0.7146241143648668;9.7
-0.7086241143648668;9.6
-0.7036241143648669;9.6
-0.6976241143648669;9.6
-0.692624114364867;9.6
-0.6876241143648669;9.6
-0.6816241143648669;9.7
-0.676624114364867;9.8
-0.6716241143648669;10.0
-0.6656241143648669;10.1
-0.660624114364867;10.4
-0.6556241143648669;10.7
-0.6496241143648669;11.1
-0.644624114364867;11.5
-0.6396241143648669;12.3
-0.6336241143648669;13.1
-0.628624114364867;13.8
-0.6236241143648669;14.7
-0.6176241143648669;15.6
-0.612624114364867;16.8
-0.6076241143648669;18.0
-0.6016241143648668;19.2
-0.596624114364867;20.5
-0.5916241143648668;21.7
-0.5856241143648668;23.0
-0.5806241143648669;24.1
-0.5746241143648669;25.3
-0.569624114364867;26.4
-0.5646241143648669;27.2
-0.5586241143648669;27.9
-0.553624114364867;28.4
-0.5486241143648669;28.6
-0.5426241143648669;28.7
-0.537624114364867;28.6
-0.5326241143648669;28.4
-0.5266241143648669;28.0
-0.521624114364867;27.5
-0.5166241143648669;27.0
-0.5106241143648669;26.6
-0.505624114364867;26.4
-0.5006241143648669;26.2
-0.4946241143648669;25.9
-0.4896241143648669;25.5
-0.4846241143648669;25.1
-0.47862411436486696;24.8
-0.47362411436486695;24.4
-0.46862411436486695;24.4
-0.46262411436486695;24.4
-0.45762411436486694;24.4
-0.45162411436486694;24.5
-0.44662411436486693;24.9
-0.4416241143648669;25.3
-0.4356241143648669;25.8
-0.4306241143648669;26.4
-0.4256241143648669;27.1
-0.41962411436486696;27.9
-0.41462411436486696;29.0
-0.40962411436486695;30.4
-0.40362411436486695;31.8
-0.39862411436486694;33.3
-0.39362411436486694;34.7
-0.38762411436486693;36.2
-0.38262411436486693;37.6
-0.3776241143648669;38.9
-0.3716241143648669;40.1
-0.3666241143648669;41.2
-0.3616241143648669;42.1
-0.35562411436486696;42.9
-0.35062411436486696;43.4
-0.34562411436486695;43.9
-0.33962411436486695;44.1
-0.33462411436486694;44.1
-0.32962411436486694;44.1
-0.32362411436486693;43.7
-0.31862411436486693;43.3
-0.3126241143648669;42.3
-0.3076241143648669;40.8
-0.3026241143648669;39.2
-0.2966241143648669;37.8
-0.29162411436486696;37.2
-0.28662411436486696;37.5
-0.28062411436486695;37.6
-0.27562411436486695;37.2
-0.27062411436486694;36.4
-0.26462411436486694;35.9
-0.25962411436486693;35.5
-0.2546241143648669;35.0
-0.24862411436486692;34.4
-0.24362411436486694;33.6
-0.23862411436486694;33.0
-0.23262411436486694;32.3
-0.22762411436486693;31.7
-0.22262411436486693;31.1
-0.21662411436486695;30.5
-0.21162411436486694;29.9
-0.20662411436486694;29.2
-0.20062411436486693;28.6
-0.19562411436486693;28.2
-0.18962411436486692;27.9
-0.18462411436486695;27.5
-0.17962411436486694;27.2
-0.17362411436486694;26.9
-0.16862411436486693;26.5
-0.16362411436486693;26.4
-0.15762411436486692;26.4
-0.15262411436486695;26.3
-0.14762411436486694;26.0
-0.14162411436486694;25.6
-0.13662411436486693;25.2
-0.13162411436486693;24.7
-0.12562411436486692;24.7
-0.12062411436486693;24.7
-0.11562411436486693;24.8
-0.10962411436486694;25.0
-0.10462411436486693;25.0
-0.09962411436486693;24.9
-0.09362411436486694;24.7
-0.08862411436486693;24.4
-0.08362411436486694;24.4
-0.07762411436486694;24.4
-0.07262411436486693;24.4
-0.06662411436486693;24.3
-0.061624114364866936;24.2
-0.05662411436486693;24.1
-0.05062411436486693;24.1
-0.045624114364866936;24.3
-0.04062411436486693;24.5
-0.03462411436486694;24.7
-0.029624114364866935;24.7
-0.024624114364866934;24.7
-0.018624114364866936;24.8
-0.013624114364866935;24.8
-0.008624114364866934;24.8
-0.0026241143648669356;24.8
0.0023758856351330654;24.8
0.007375885635133066;24.7
0.013375885635133065;24.7
0.018375885635133066;24.7
0.023375885635133063;24.6
0.02937588563513306;24.6
0.034375885635133066;24.6
0.039375885635133064;24.6
0.04537588563513306;24.6
0.050375885635133066;24.6
0.05637588563513307;24.6
0.06137588563513306;24.6
0.06637588563513307;24.6
0.07237588563513306;24.6
0.07737588563513306;24.6
0.08237588563513307;24.7
0.08837588563513306;24.9
0.09337588563513306;25.0
0.09837588563513307;25.1
0.10437588563513306;25.1
0.10937588563513306;25.2
0.11437588563513307;25.2
0.12037588563513307;25.2
0.12537588563513308;25.2
0.13037588563513305;25.3
0.13637588563513306;25.3
0.14137588563513306;25.5
0.14637588563513307;25.7
0.15237588563513307;26.0
0.15737588563513308;26.3
0.16237588563513305;26.5
0.16837588563513306;26.8
0.17337588563513306;27.1
0.17937588563513307;27.5
0.18437588563513307;27.9
0.18937588563513308;28.3
0.19537588563513306;28.7
0.20037588563513306;29.1
0.20537588563513307;29.5
0.21137588563513307;30.0
0.21637588563513308;30.6
0.22137588563513305;31.3
0.22737588563513306;31.7
0.23237588563513306;32.1
0.23737588563513307;32.8
0.24337588563513307;33.4
0.24837588563513308;34.1
0.2533758856351331;35.0
0.2593758856351331;35.9
0.2643758856351331;36.7
0.26937588563513304;37.5
0.27537588563513304;38.4
0.28037588563513305;39.2
0.28537588563513305;40.0
0.29137588563513306;40.8
0.29637588563513306;41.5
0.30237588563513307;42.1
0.3073758856351331;42.8
0.3123758856351331;43.2
0.3183758856351331;43.8
0.3233758856351331;44.2
0.3283758856351331;44.5
0.33437588563513304;44.6
0.33937588563513305;44.6
0.34437588563513305;44.4
0.35037588563513306;43.9
0.35537588563513306;43.2
0.36037588563513306;42.4
0.36637588563513307;41.6
0.3713758856351331;40.8
0.3763758856351331;39.6
0.3823758856351331;38.2
0.3873758856351331;36.7
0.3923758856351331;35.0
0.39837588563513304;33.6
0.40337588563513305;32.4
0.40837588563513305;31.2
0.41437588563513306;30.0
0.41937588563513306;28.8
0.42437588563513307;27.6
0.43037588563513307;26.6
0.4353758856351331;25.8
0.4413758856351331;25.3
0.4463758856351331;24.9
0.4513758856351331;24.6
0.45737588563513304;24.4
0.46237588563513304;24.4
0.46737588563513305;24.4
0.47337588563513305;24.4
0.47837588563513306;24.4
0.48337588563513306;24.4
0.48937588563513307;24.8
0.49437588563513307;25.6
0.4993758856351331;26.4
0.5053758856351331;27.2
0.510375885635133;28.0
0.5153758856351331;28.8
0.5213758856351332;29.2
0.526375885635133;29.6
0.5313758856351332;30.0
0.5373758856351332;30.2
0.5423758856351331;30.5
0.5473758856351332;30.5
0.553375885635133;30.3
0.5583758856351331;29.9
0.5643758856351331;29.1
0.569375885635133;28.3
0.5743758856351331;27.1
0.5803758856351331;25.8
0.585375885635133;24.4
0.5903758856351331;22.8
0.5963758856351331;21.2
0.601375885635133;19.6
0.6063758856351331;18.1
0.6123758856351331;16.9
0.617375885635133;15.7
0.6223758856351331;14.6
0.6283758856351331;13.6
0.633375885635133;12.8
0.6383758856351331;12.0
0.6443758856351331;11.5
0.649375885635133;10.9
0.6543758856351332;10.5
0.6603758856351332;10.3
0.6653758856351331;9.9
0.6703758856351332;9.5
0.676375885635133;9.3
0.6813758856351331;9.2
0.6873758856351331;9.2
0.692375885635133;9.2
0.6973758856351331;9.2
0.7033758856351331;9.2
0.708375885635133;9.3
0.7133758856351331;9.4
0.7193758856351331;9.6
0.724375885635133;10.0
0.7293758856351331;10.4
0.7353758856351331;10.8
0.740375885635133;11.2
0.7453758856351331;11.8
0.7513758856351331;12.4
0.756375885635133;13.2
0.7613758856351331;14.1
0.7673758856351331;15.2
0.772375885635133;16.4
0.7773758856351332;17.6
0.7833758856351332;18.8
0.7883758856351331;19.6
0.7933758856351332;20.4
0.799375885635133;21.2
0.8043758856351331;22.5
0.809375885635133;24.0
0.815375885635133;25.2
0.8203758856351331;26.0
0.8263758856351331;26.7
0.831375885635133;27.0
0.8363758856351331;27.2
0.8423758856351331;26.9
0.847375885635133;26.0
0.8523758856351331;24.7
0.8583758856351331;23.1
0.863375885635133;21.8
0.8683758856351331;21.2
0.8743758856351331;21.4
0.879375885635133;22.6
0.8843758856351331;24.3
0.8903758856351331;26.1
0.895375885635133;27.4
0.9003758856351332;28.5
0.9063758856351332;29.3
0.911375885635133;30.5
0.9163758856351332;32.1
0.9223758856351332;34.5
0.9273758856351331;36.8
0.932375885635133;38.8
0.938375885635133;40.1
0.9433758856351331;40.8
0.948375885635133;40.8
0.954375885635133;40.0
0.9593758856351331;38.3
0.9653758856351331;36.0
0.970375885635133;33.2
0.9753758856351331;30.4
0.9813758856351331;28.0
0.986375885635133;26.3
0.9913758856351329;25.2
0.9973758856351329;24.7
1.002375885635133;24.8
1.007375885635133;25.2
1.013375885635133;26.0
1.018375885635133;26.9
1.023375885635133;27.7
1.029375885635133;28.5
1.034375885635133;28.7
1.039375885635133;28.7
1.045375885635133;28.0
1.050375885635133;26.5
1.055375885635133;24.4
1.061375885635133;22.1
1.066375885635133;19.6
1.071375885635133;17.2
1.077375885635133;15.2
1.082375885635133;13.4
1.087375885635133;12.2
1.093375885635133;11.2
1.098375885635133;10.4
1.1043758856351331;10.0
1.109375885635133;9.6
1.114375885635133;9.2
1.120375885635133;9.2
1.125375885635133;9.2
1.130375885635133;9.3
1.136375885635133;9.6
1.141375885635133;10.0
1.146375885635133;10.8
1.152375885635133;11.6
1.157375885635133;12.4
1.162375885635133;13.6
1.168375885635133;14.8
1.173375885635133;16.1
1.178375885635133;17.3
1.184375885635133;18.1
1.189375885635133;18.5
1.194375885635133;18.0
1.200375885635133;16.8
1.205375885635133;15.7
1.210375885635133;16.1
1.216375885635133;18.1
1.221375885635133;20.9
1.226375885635133;23.0
1.232375885635133;24.2
1.237375885635133;25.0
1.242375885635133;25.7
1.248375885635133;26.4
1.253375885635133;27.2
1.259375885635133;28.0
1.264375885635133;29.1
1.269375885635133;30.3
1.275375885635133;31.5
1.280375885635133;32.6
1.285375885635133;33.6
1.291375885635133;34.5
1.296375885635133;35.3
1.301375885635133;34.9
1.307375885635133;33.4
1.312375885635133;30.9
1.317375885635133;28.2
1.323375885635133;25.8
1.328375885635133;24.3
1.333375885635133;23.6
1.339375885635133;24.0
1.344375885635133;24.7
1.349375885635133;25.6
1.355375885635133;26.4
1.3603758856351331;26.4
1.365375885635133;25.6
1.371375885635133;23.9
1.376375885635133;21.2
1.381375885635133;18.1
1.387375885635133;15.4
1.392375885635133;13.4
1.397375885635133;12.0
1.403375885635133;10.8
1.408375885635133;10.0
1.414375885635133;9.6
1.419375885635133;9.2
1.424375885635133;8.9
1.430375885635133;8.9
1.435375885635133;9.2
1.440375885635133;9.6
1.446375885635133;10.4
1.451375885635133;11.3
1.456375885635133;12.5
1.462375885635133;13.8
1.467375885635133;15.2
1.472375885635133;16.4
1.478375885635133;17.6
1.4833758856351331;18.8
1.488375885635133;20.0
1.494375885635133;20.8
1.499375885635133;21.6
1.504375885635133;22.3
1.510375885635133;22.7
1.515375885635133;23.2
1.520375885635133;23.8
1.526375885635133;24.6
1.531375885635133;25.8
1.536375885635133;27.0
1.542375885635133;28.2
1.547375885635133;29.3
1.552375885635133;30.3
1.558375885635133;31.1
1.563375885635133;31.5
1.568375885635133;31.3
1.574375885635133;30.4
1.579375885635133;28.8
1.585375885635133;26.9
1.590375885635133;24.9
1.595375885635133;23.6
1.601375885635133;22.9
1.6063758856351331;23.1
1.611375885635133;23.6
1.617375885635133;24.0
1.622375885635133;24.0
1.627375885635133;23.1
1.633375885635133;21.0
1.638375885635133;18.4
1.643375885635133;15.6
1.649375885635133;13.2
1.654375885635133;11.3
1.659375885635133;10.0
1.665375885635133;9.2
1.670375885635133;8.8
1.675375885635133;8.5
1.681375885635133;8.6
1.686375885635133;9.0
1.691375885635133;9.7
1.697375885635133;10.5
1.702375885635133;11.7
1.707375885635133;12.9
1.713375885635133;14.1
1.718375885635133;15.2
1.723375885635133;16.3
1.7293758856351331;17.1
1.734375885635133;17.9
1.739375885635133;18.7
1.745375885635133;20.0
1.750375885635133;21.2
1.755375885635133;22.4
1.761375885635133;23.4
1.766375885635133;24.4
1.772375885635133;25.5
1.777375885635133;26.3
1.782375885635133;26.8
1.788375885635133;27.6
1.793375885635133;28.4
1.798375885635133;28.8
1.804375885635133;28.3
1.809375885635133;27.1
1.814375885635133;25.1
1.820375885635133;23.5
1.825375885635133;22.4
1.830375885635133;22.0
1.836375885635133;22.2
1.841375885635133;22.4
1.846375885635133;22.0
1.8523758856351331;20.8
1.857375885635133;18.5
1.862375885635133;16.0
1.868375885635133;13.2
1.873375885635133;11.2
1.878375885635133;9.6
1.884375885635133;8.8
1.889375885635133;8.4
1.894375885635133;8.4
1.900375885635133;8.7
1.905375885635133;9.2
1.910375885635133;10.0
1.916375885635133;11.1
1.921375885635133;12.2
1.926375885635133;13.6
1.932375885635133;14.7
1.937375885635133;15.8
1.942375885635133;16.8
1.948375885635133;17.9
1.953375885635133;18.8
1.958375885635133;19.8
1.964375885635133;20.9
1.969375885635133;22.1
1.975375885635133;23.3
1.980375885635133;24.4
1.9853758856351331;25.3
1.991375885635133;25.8
1.9963758856351328;26.0
2.001375885635133;26.1
2.007375885635133;26.0
2.012375885635133;25.3
2.017375885635133;24.1
2.023375885635133;22.4
2.028375885635133;21.2
2.033375885635133;20.7
2.039375885635133;20.6
2.044375885635133;20.4
2.049375885635133;19.5
2.055375885635133;17.7
2.060375885635133;15.2
2.065375885635133;12.5
2.071375885635133;10.5
2.076375885635133;9.2
2.081375885635133;8.3
2.087375885635133;8.0
2.092375885635133;8.0
2.097375885635133;8.4
2.103375885635133;9.2
2.108375885635133;10.1
2.113375885635133;11.2
2.119375885635133;12.4
2.124375885635133;13.6
2.129375885635133;14.8
2.135375885635133;15.6
2.140375885635133;16.7
2.145375885635133;17.8
2.151375885635133;19.0
2.156375885635133;20.3
2.161375885635133;21.5
2.167375885635133;22.6
2.172375885635133;23.3
2.177375885635133;23.6
2.183375885635133;23.8
2.188375885635133;23.9
2.193375885635133;23.6
2.199375885635133;23.1
2.204375885635133;22.0
2.209375885635133;20.7
2.215375885635133;19.6
2.220375885635133;18.9
2.2263758856351332;18.4
2.231375885635133;17.6
2.236375885635133;16.0
2.242375885635133;13.6
2.247375885635133;11.2
2.252375885635133;9.5
2.258375885635133;8.3
2.263375885635133;7.6
2.268375885635133;7.5
2.274375885635133;7.7
2.279375885635133;8.4
2.284375885635133;9.2
2.290375885635133;10.4
2.295375885635133;11.6
2.300375885635133;12.7
2.306375885635133;13.6
2.311375885635133;14.6
2.316375885635133;15.6
2.322375885635133;16.8
2.327375885635133;18.1
2.332375885635133;19.4
2.338375885635133;20.6
2.343375885635133;21.4
2.348375885635133;21.8
2.354375885635133;21.8
2.3593758856351332;21.7
2.364375885635133;21.5
2.370375885635133;20.8
2.375375885635133;20.0
2.380375885635133;18.8
2.386375885635133;17.8
2.391375885635133;17.0
2.396375885635133;16.2
2.402375885635133;14.9
2.407375885635133;12.9
2.412375885635133;10.8
2.418375885635133;8.9
2.423375885635133;7.6
2.428375885635133;7.2
2.434375885635133;7.1
2.439375885635133;7.4
2.444375885635133;8.0
2.450375885635133;8.8
2.455375885635133;10.0
2.460375885635133;11.2
2.466375885635133;12.1
2.471375885635133;13.1
2.4763758856351332;14.0
2.482375885635133;15.2
2.487375885635133;16.3
2.492375885635133;17.6
2.498375885635133;18.8
2.503375885635133;19.6
2.508375885635133;19.8
2.514375885635133;19.6
2.519375885635133;19.1
2.524375885635133;18.5
2.530375885635133;18.1
2.535375885635133;17.6
2.540375885635133;16.8
2.546375885635133;15.7
2.551375885635133;14.8
2.556375885635133;13.6
2.562375885635133;12.0
2.567375885635133;10.2
2.572375885635133;8.4
2.578375885635133;7.3
2.583375885635133;6.6
2.588375885635133;6.4
2.594375885635133;6.8
2.599375885635133;7.2
2.6053758856351332;8.1
2.610375885635133;9.2
2.615375885635133;10.4
2.621375885635133;11.6
2.626375885635133;12.4
2.631375885635133;13.3
2.637375885635133;14.2
2.642375885635133;15.4
2.647375885635133;16.4
2.653375885635133;17.2
2.658375885635133;17.6
2.663375885635133;17.4
2.669375885635133;17.2
2.674375885635133;17.0
2.679375885635133;16.5
2.685375885635133;15.9
2.690375885635133;14.9
2.695375885635133;13.9
2.701375885635133;12.8
2.706375885635133;11.5
2.711375885635133;9.8
2.717375885635133;8.1
2.722375885635133;6.8
2.727375885635133;6.0
2.733375885635133;5.8
2.738375885635133;6.0
2.743375885635133;6.4
2.749375885635133;7.2
2.754375885635133;8.2
2.759375885635133;9.3
2.765375885635133;10.1
2.770375885635133;10.9
2.775375885635133;11.6
2.781375885635133;12.7
2.786375885635133;13.8
2.791375885635133;14.8
2.797375885635133;15.6
2.802375885635133;16.0
2.807375885635133;15.6
2.813375885635133;15.2
2.818375885635133;14.5
2.823375885635133;13.7
2.829375885635133;12.8
2.834375885635133;11.8
2.839375885635133;10.7
2.845375885635133;9.6
2.850375885635133;8.6
2.8553758856351332;7.4
2.861375885635133;6.4
2.866375885635133;5.6
2.871375885635133;5.3
2.877375885635133;5.3
2.882375885635133;5.6
2.887375885635133;6.2
2.893375885635133;6.9
2.898375885635133;7.8
2.903375885635133;8.7
2.909375885635133;9.7
2.914375885635133;10.5
2.919375885635133;11.3
2.925375885635133;12.1
2.930375885635133;12.9
2.935375885635133;13.3
2.941375885635133;13.3
2.946375885635133;12.9
2.951375885635133;12.5
2.957375885635133;12.0
2.962375885635133;11.3
2.967375885635133;10.5
2.973375885635133;9.6
2.978375885635133;8.8
2.983375885635133;7.6
2.989375885635133;6.4
2.994375885635133;5.6
2.999375885635133;4.8
3.005375885635133;4.4
3.010375885635133;4.4
3.015375885635133;4.8
3.021375885635133;5.6
3.026375885635133;6.4
3.031375885635133;7.2
3.037375885635133;8.0
3.042375885635133;8.8
3.047375885635133;9.4
3.053375885635133;9.9
3.058375885635133;10.4
3.063375885635133;10.8
3.069375885635133;11.2
3.074375885635133;10.8
3.079375885635133;10.4
3.085375885635133;10.0
3.090375885635133;9.4
3.095375885635133;8.6
3.1013758856351332;7.8
3.106375885635133;6.8
3.111375885635133;6.0
3.117375885635133;5.2
3.122375885635133;4.4
3.127375885635133;4.0
3.133375885635133;4.0
3.138375885635133;4.0
3.143375885635133;4.3
3.149375885635133;4.7
3.154375885635133;5.3
3.159375885635133;6.1
3.165375885635133;6.9
3.170375885635133;7.5
3.175375885635133;7.9
3.181375885635133;8.3
3.186375885635133;8.7
3.191375885635133;8.9
3.197375885635133;8.8
3.202375885635133;8.4
3.207375885635133;7.8
3.213375885635133;7.3
3.218375885635133;6.9
3.223375885635133;6.5
3.229375885635133;6.0
3.2343758856351332;5.2
3.239375885635133;4.4
3.245375885635133;4.0
3.250375885635133;3.6
3.255375885635133;3.2
3.261375885635133;3.2
3.266375885635133;3.6
3.271375885635133;4.0
3.277375885635133;4.4
3.282375885635133;4.8
3.287375885635133;5.6
3.292375885635133;6.1
3.298375885635133;6.4
3.303375885635133;6.8
3.308375885635133;7.2
3.314375885635133;7.2
3.319375885635133;7.2
3.324375885635133;6.8
3.330375885635133;6.4
3.335375885635133;6.0
3.340375885635133;5.6
3.346375885635133;5.2
3.3513758856351332;4.4
3.356375885635133;3.6
3.362375885635133;3.2
3.367375885635133;2.8
3.372375885635133;2.8
3.378375885635133;2.8
3.383375885635133;2.8
3.388375885635133;3.2
3.394375885635133;3.6
3.399375885635133;4.0
3.404375885635133;4.4
3.410375885635133;4.8
3.415375885635133;5.2
3.420375885635133;5.5
3.426375885635133;5.6
3.431375885635133;5.7
3.436375885635133;5.6
3.442375885635133;5.3
3.447375885635133;4.9
3.452375885635133;4.5
3.458375885635133;4.1
3.463375885635133;3.8
3.468375885635133;3.4
3.474375885635133;3.0
3.479375885635133;2.6
3.4843758856351332;2.4
3.490375885635133;2.3
3.495375885635133;2.4
3.500375885635133;2.5
3.506375885635133;2.8
3.511375885635133;3.0
3.516375885635133;3.4
3.522375885635133;3.7
3.527375885635133;4.1
3.532375885635133;4.3
3.538375885635133;4.3
3.543375885635133;4.3
3.548375885635133;4.3
3.554375885635133;4.0
3.559375885635133;4.0
3.564375885635133;3.6
3.570375885635133;3.5
3.575375885635133;3.1
3.580375885635133;2.8
3.586375885635133;2.4
3.591375885635133;2.1
3.596375885635133;2.0
3.602375885635133;2.0
3.607375885635133;2.0
3.612375885635133;2.0
3.618375885635133;2.1
3.623375885635133;2.5
3.628375885635133;2.8
3.633375885635133;3.2
3.639375885635133;3.2
3.644375885635133;3.3
3.649375885635133;3.3
3.655375885635133;3.3
3.660375885635133;3.2
3.665375885635133;3.2
3.671375885635133;2.8
3.676375885635133;2.8
3.681375885635133;2.4
3.687375885635133;2.1
3.692375885635133;1.7
3.697375885635133;1.6
3.703375885635133;1.6
3.708375885635133;1.6
3.713375885635133;1.6
3.719375885635133;1.7
3.724375885635133;1.8
3.729375885635133;2.0
3.735375885635133;2.0
3.740375885635133;2.4
3.745375885635133;2.4
3.751375885635133;2.4
3.756375885635133;2.4
3.761375885635133;2.4
3.767375885635133;2.4
3.772375885635133;2.4
3.777375885635133;2.1
3.783375885635133;2.0
3.788375885635133;1.6
3.793375885635133;1.6
3.799375885635133;1.4
3.804375885635133;1.3
3.809375885635133;1.3
3.815375885635133;1.3
3.820375885635133;1.3
3.825375885635133;1.5
3.830375885635133;1.6
3.836375885635133;1.6
3.841375885635133;1.6
3.846375885635133;1.6
3.852375885635133;1.6
3.857375885635133;1.6
3.862375885635133;1.6
3.868375885635133;1.6
3.873375885635133;1.6
3.878375885635133;1.6
3.884375885635133;1.5
3.889375885635133;1.2
3.894375885635133;1.2
3.900375885635133;1.2
3.905375885635133;1.2
3.910375885635133;1.2
3.916375885635133;1.2
3.921375885635133;1.2
3.926375885635133;1.2
3.932375885635133;1.2
3.937375885635133;1.2
3.942375885635133;1.2
3.948375885635133;1.2
3.953375885635133;1.2
3.958375885635133;1.2
3.964375885635133;1.2
3.969375885635133;1.2
3.974375885635133;1.2
3.9803758856351332;1.1
3.985375885635133;1.0
3.9903758856351326;0.9
3.9953758856351334;0.8
4.001375885635133;0.8
4.006375885635133;0.8
4.011375885635133;0.8
4.017375885635133;0.8
4.022375885635133;0.8
4.027375885635133;0.8
4.033375885635133;0.8
4.038375885635133;0.8
4.043375885635133;0.8
4.049375885635133;0.8
4.054375885635133;0.8
4.059375885635133;0.8
4.065375885635133;0.8
4.070375885635133;0.8
4.075375885635133;0.8
4.081375885635133;0.8
4.086375885635133;0.8
4.091375885635133;0.8
4.097375885635133;0.8
4.102375885635133;0.8
4.1073758856351335;0.8
4.113375885635133;0.8
4.118375885635133;0.8
4.123375885635133;0.8
4.129375885635133;0.8
4.134375885635133;0.8
4.139375885635133;0.8
4.144375885635133;0.8
4.150375885635133;0.8
4.155375885635133;0.8
4.160375885635133;0.8
4.166375885635133;0.8
4.171375885635133;0.8
4.176375885635133;0.8
4.182375885635133;0.8
4.187375885635133;0.8
4.192375885635133;0.8
4.198375885635133;0.8
4.203375885635133;0.8
4.208375885635133;0.8
4.214375885635133;0.8
4.219375885635133;0.8
4.224375885635133;0.8
4.230375885635133;0.8
4.235375885635133;0.8
4.240375885635133;0.8
4.246375885635133;0.7
4.251375885635133;0.7
4.256375885635133;0.6
4.261375885635133;0.6
4.267375885635133;0.6
4.272375885635133;0.6
4.277375885635133;0.6
4.283375885635133;0.6
4.288375885635133;0.5
4.293375885635133;0.5
4.299375885635133;0.5
4.304375885635133;0.5
4.309375885635133;0.5
4.315375885635133;0.5
4.320375885635133;0.5
4.325375885635133;0.5
4.331375885635133;0.5
4.336375885635133;0.5
4.341375885635133;0.4
4.347375885635133;0.4
4.352375885635133;0.4
4.3573758856351335;0.4
4.363375885635133;0.4
4.368375885635133;0.4
4.373375885635133;0.4
4.378375885635133;0.4
4.384375885635133;0.4
4.389375885635133;0.4
4.394375885635133;0.4
4.400375885635133;0.4
4.405375885635133;0.4
4.410375885635133;0.4
4.416375885635133;0.4
4.421375885635133;0.4
4.426375885635133;0.4
4.432375885635133;0.4
4.437375885635133;0.4
4.442375885635133;0.4
4.448375885635133;0.4
4.453375885635133;0.4
4.458375885635133;0.4
4.464375885635133;0.4
4.469375885635133;0.4
4.474375885635133;0.4
4.479375885635133;0.4
4.485375885635133;0.4
4.490375885635133;0.4
4.495375885635133;0.4
4.501375885635133;0.4
4.506375885635133;0.4
4.511375885635133;0.4
4.517375885635133;0.4
4.522375885635133;0.4
4.527375885635133;0.4
4.533375885635133;0.4
4.538375885635133;0.4
4.543375885635133;0.4
4.549375885635133;0.4
4.554375885635133;0.4
4.559375885635133;0.4
4.564375885635133;0.4
4.570375885635133;0.4
4.575375885635133;0.4
4.580375885635133;0.4
4.586375885635133;0.4
4.591375885635133;0.4
4.596375885635133;0.4
4.602375885635133;0.4
4.6073758856351335;0.4
4.612375885635133;0.4
4.618375885635133;0.4
4.623375885635133;0.4
4.628375885635133;0.4
4.634375885635133;0.4
4.639375885635133;0.4
4.644375885635133;0.4
4.649375885635133;0.4
4.655375885635133;0.4
4.660375885635133;0.4
4.665375885635133;0.4
4.671375885635133;0.4
4.676375885635133;0.4
4.681375885635133;0.4
4.687375885635133;0.4
4.692375885635133;0.4
4.697375885635133;0.4
4.703375885635133;0.4
4.708375885635133;0.4
4.713375885635133;0.4
4.719375885635133;0.4
4.724375885635133;0.4
4.729375885635133;0.4
4.734375885635133;0.4
4.740375885635133;0.4
4.745375885635133;0.4
4.750375885635133;0.4
4.756375885635133;0.4
4.761375885635133;0.4
4.766375885635133;0.4
4.772375885635133;0.4
4.777375885635133;0.4
4.782375885635133;0.4
4.788375885635133;0.4
4.793375885635133;0.4
4.798375885635133;0.4
4.804375885635133;0.4
4.809375885635133;0.4
4.814375885635133;0.4
4.819375885635133;0.4
4.825375885635133;0.4
4.830375885635133;0.4
4.835375885635133;0.4
4.841375885635133;0.4
4.846375885635133;0.4
4.851375885635133;0.4
4.8573758856351335;0.4
4.862375885635133;0.4
4.867375885635133;0.4
4.873375885635133;0.4
4.878375885635133;0.4
4.883375885635133;0.4
4.888375885635133;0.4
4.894375885635133;0.4
4.899375885635133;0.4
4.904375885635133;0.4
4.910375885635133;0.4
4.915375885635133;0.4
4.920375885635133;0.4
4.926375885635133;0.4
4.931375885635133;0.4
4.936375885635133;0.4
4.942375885635133;0.4
4.947375885635133;0.4
4.952375885635133;0.4
4.957375885635133;0.4
4.963375885635133;0.4
4.968375885635133;0.4
4.973375885635133;0.4
4.979375885635133;0.3
4.984375885635133;0.3
4.989375885635133;0.3
4.995375885635133;0.3
5.000375885635133;0.3
5.005375885635133;0.3
5.011375885635133;0.3
5.016375885635133;0.3
5.021375885635133;0.3
5.026375885635133;0.3
5.032375885635133;0.3
5.037375885635133;0.3
5.042375885635133;0.3
5.048375885635133;0.3
5.053375885635133;0.3
5.058375885635133;0.3
5.064375885635133;0.3
5.069375885635133;0.3
5.074375885635133;0.3
5.080375885635133;0.3
5.085375885635133;0.3
5.090375885635133;0.3
5.095375885635133;0.3
5.101375885635133;0.3
5.106375885635133;0.3
5.111375885635133;0.3
5.117375885635133;0.3
5.122375885635133;0.3
5.127375885635133;0.3
5.133375885635133;0.3
5.138375885635133;0.3
5.143375885635133;0.3
5.148375885635133;0.3
5.154375885635133;0.3
5.159375885635133;0.3
5.164375885635133;0.3
5.170375885635133;0.3
5.175375885635133;0.3
5.180375885635133;0.3
5.186375885635133;0.3
5.191375885635133;0.3
5.196375885635133;0.3
5.202375885635133;0.3
5.207375885635133;0.3
5.212375885635133;0.3
5.217375885635133;0.3
5.223375885635133;0.3
5.228375885635133;0.3
5.233375885635133;0.3
5.239375885635133;0.3
5.244375885635133;0.3
5.249375885635133;0.3
5.255375885635133;0.3
5.260375885635133;0.3
5.265375885635133;0.3
5.270375885635133;0.3
5.276375885635133;0.3
5.281375885635133;0.3
5.286375885635133;0.3
5.292375885635133;0.3
5.297375885635133;0.3
5.302375885635133;0.3
5.308375885635133;0.3
5.313375885635133;0.3
5.318375885635133;0.3
5.323375885635133;0.3
5.329375885635133;0.3
5.334375885635133;0.3
5.339375885635133;0.3
5.345375885635133;0.3
5.350375885635133;0.3
5.355375885635133;0.3
5.361375885635133;0.3
5.366375885635133;0.3
5.371375885635133;0.3
5.376375885635133;0.3
5.382375885635133;0.3
5.387375885635133;0.3
5.392375885635133;0.3
5.398375885635133;0.3
5.403375885635133;0.3
5.408375885635133;0.3
5.414375885635133;0.3
5.419375885635133;0.3
5.424375885635133;0.3
5.429375885635133;0.3
5.435375885635133;0.3
5.440375885635133;0.3
5.445375885635133;0.3
