-5.454;0.4
-5.449;0.4
-5.443;0.4
-5.438;0.4
-5.433;0.4
-5.428;0.4
-5.422;0.4
-5.417;0.4
-5.412;0.4
-5.406;0.4
-5.401;0.4
-5.396;0.4
-5.390;0.4
-5.385;0.4
-5.380;0.4
-5.375;0.4
-5.369;0.4
-5.364;0.4
-5.359;0.4
-5.353;0.4
-5.348;0.4
-5.343;0.4
-5.337;0.4
-5.332;0.4
-5.327;0.4
-5.322;0.4
-5.316;0.4
-5.311;0.4
-5.306;0.4
-5.300;0.4
-5.295;0.4
-5.290;0.4
-5.284;0.4
-5.279;0.4
-5.274;0.4
-5.269;0.4
-5.263;0.4
-5.258;0.4
-5.253;0.4
-5.247;0.4
-5.242;0.4
-5.237;0.4
-5.231;0.4
-5.226;0.4
-5.221;0.4
-5.216;0.4
-5.210;0.4
-5.205;0.4
-5.200;0.4
-5.194;0.4
-5.189;0.4
-5.184;0.4
-5.178;0.4
-5.173;0.4
-5.168;0.4
-5.162;0.4
-5.157;0.4
-5.152;0.4
-5.147;0.4
-5.141;0.4
-5.136;0.4
-5.131;0.4
-5.125;0.4
-5.120;0.4
-5.115;0.4
-5.109;0.4
-5.104;0.4
-5.099;0.4
-5.094;0.4
-5.088;0.4
-5.083;0.4
-5.078;0.4
-5.072;0.4
-5.067;0.4
-5.062;0.4
-5.056;0.4
-5.051;0.4
-5.046;0.4
-5.040;0.4
-5.035;0.4
-5.030;0.4
-5.025;0.4
-5.019;0.4
-5.014;0.4
-5.009;0.4
-5.003;0.4
-4.998;0.4
-4.993;0.4
-4.987;0.4
-4.982;0.4
-4.977;0.4
-4.971;0.4
-4.966;0.4
-4.961;0.4
-4.956;0.4
-4.950;0.4
-4.945;0.4
-4.940;0.4
-4.934;0.4
-4.929;0.4
-4.924;0.4
-4.918;0.4
-4.913;0.4
-4.908;0.4
-4.902;0.4
-4.897;0.4
-4.892;0.4
-4.887;0.4
-4.881;0.4
-4.876;0.4
-4.871;0.4
-4.865;0.4
-4.860;0.4
-4.855;0.4
-4.849;0.4
-4.844;0.4
-4.839;0.4
-4.833;0.4
-4.828;0.4
-4.823;0.4
-4.818;0.4
-4.812;0.4
-4.807;0.4
-4.802;0.4
-4.796;0.4
-4.791;0.4
-4.786;0.4
-4.780;0.4
-4.775;0.4
-4.770;0.4
-4.764;0.4
-4.759;0.4
-4.754;0.4
-4.748;0.4
-4.743;0.4
-4.738;0.4
-4.733;0.4
-4.727;0.4
-4.722;0.4
-4.717;0.4
-4.711;0.4
-4.706;0.4
-4.701;0.4
-4.695;0.4
-4.690;0.4
-4.685;0.4
-4.679;0.4
-4.674;0.4
-4.669;0.4
-4.663;0.4
-4.658;0.4
-4.653;0.4
-4.648;0.4
-4.642;0.4
-4.637;0.4
-4.632;0.4
-4.626;0.4
-4.621;0.4
-4.616;0.4
-4.610;0.4
-4.605;0.4
-4.600;0.4
-4.594;0.4
-4.589;0.4
-4.584;0.4
-4.578;0.4
-4.573;0.4
-4.568;0.4
-4.563;0.4
-4.557;0.4
-4.552;0.4
-4.547;0.4
-4.541;0.4
-4.536;0.4
-4.531;0.4
-4.525;0.4
-4.520;0.4
-4.515;0.4
-4.509;0.4
-4.504;0.4
-4.499;0.4
-4.493;0.4
-4.488;0.4
-4.483;0.4
-4.478;0.4
-4.472;0.4
-4.467;0.4
-4.462;0.4
-4.456;0.4
-4.451;0.4
-4.446;0.4
-4.440;0.4
-4.435;0.4
-4.430;0.4
-4.424;0.4
-4.419;0.4
-4.414;0.4
-4.408;0.4
-4.403;0.4
-4.398;0.4
-4.392;0.4
-4.387;0.4
-4.382;0.4
-4.377;0.4
-4.371;0.4
-4.366;0.4
-4.361;0.4
-4.355;0.4
-4.350;0.4
-4.345;0.4
-4.339;0.4
-4.334;0.4
-4.329;0.4
-4.323;0.4
-4.318;0.4
-4.313;0.4
-4.307;0.4
-4.302;0.4
-4.297;0.4
-4.291;0.4
-4.286;0.4
-4.281;0.4
-4.275;0.4
-4.270;0.4
-4.265;0.4
-4.260;0.4
-4.254;0.4
-4.249;0.4
-4.244;0.4
-4.238;0.4
-4.233;0.4
-4.228;0.4
-4.222;0.4
-4.217;0.4
-4.212;0.4
-4.206;0.4
-4.201;0.4
-4.196;0.4
-4.190;0.5
-4.185;0.5
-4.180;0.5
-4.174;0.5
-4.169;0.5
-4.164;0.5
-4.158;0.5
-4.153;0.5
-4.148;0.5
-4.143;0.5
-4.137;0.5
-4.132;0.5
-4.127;0.6
-4.121;0.6
-4.116;0.6
-4.111;0.6
-4.105;0.6
-4.100;0.6
-4.095;0.6
-4.089;0.7
-4.084;0.7
-4.079;0.7
-4.073;0.7
-4.068;0.7
-4.063;0.7
-4.057;0.7
-4.052;0.7
-4.047;0.7
-4.041;0.7
-4.036;0.7
-4.031;0.7
-4.025;0.7
-4.020;0.7
-4.015;0.7
-4.009;0.7
-4.004;0.7
-3.999;0.7
-3.994;0.8
-3.988;0.8
-3.983;0.8
-3.978;0.8
-3.972;0.8
-3.967;0.8
-3.962;0.8
-3.956;0.8
-3.951;0.8
-3.946;0.8
-3.940;0.8
-3.935;0.8
-3.930;0.8
-3.924;0.8
-3.919;0.8
-3.914;0.8
-3.908;0.8
-3.903;0.8
-3.898;0.8
-3.892;0.8
-3.887;0.8
-3.882;0.8
-3.876;0.8
-3.871;0.8
-3.866;0.8
-3.860;0.8
-3.855;0.8
-3.850;0.8
-3.844;0.8
-3.839;0.8
-3.834;0.8
-3.829;0.8
-3.823;0.8
-3.818;0.8
-3.813;0.8
-3.807;0.8
-3.802;0.8
-3.797;0.8
-3.791;0.8
-3.786;0.8
-3.781;0.9
-3.775;0.9
-3.770;0.9
-3.765;0.9
-3.759;0.9
-3.754;0.9
-3.749;0.9
-3.743;0.9
-3.738;0.9
-3.733;0.9
-3.727;0.9
-3.722;0.9
-3.717;0.9
-3.711;0.9
-3.706;0.9
-3.701;0.9
-3.695;0.9
-3.690;1.2
-3.685;1.2
-3.679;1.2
-3.674;1.2
-3.669;1.2
-3.663;1.2
-3.658;1.3
-3.653;1.4
-3.647;1.4
-3.642;1.3
-3.637;1.3
-3.632;1.2
-3.626;1.3
-3.621;1.2
-3.616;1.2
-3.610;1.2
-3.605;1.2
-3.600;1.2
-3.594;1.2
-3.589;1.2
-3.584;1.2
-3.578;1.2
-3.573;1.6
-3.568;1.6
-3.562;1.9
-3.557;2.0
-3.552;2.0
-3.546;2.0
-3.541;2.1
-3.536;2.1
-3.530;2.0
-3.525;1.8
-3.520;1.8
-3.514;1.6
-3.509;1.6
-3.504;1.6
-3.498;1.5
-3.493;1.3
-3.488;1.3
-3.482;1.3
-3.477;1.5
-3.472;1.6
-3.466;1.9
-3.461;2.1
-3.456;2.5
-3.450;2.8
-3.445;2.8
-3.440;2.8
-3.434;3.2
-3.429;3.2
-3.424;3.2
-3.418;2.8
-3.413;2.8
-3.408;2.8
-3.402;2.8
-3.397;2.6
-3.392;2.4
-3.386;2.0
-3.381;1.9
-3.376;1.9
-3.370;1.9
-3.365;1.9
-3.360;2.0
-3.354;2.4
-3.349;2.8
-3.344;3.1
-3.338;3.5
-3.333;3.6
-3.328;3.9
-3.322;4.0
-3.317;4.0
-3.312;4.0
-3.306;4.0
-3.301;3.8
-3.296;3.6
-3.291;3.2
-3.285;3.1
-3.280;2.9
-3.275;2.9
-3.269;2.8
-3.264;2.4
-3.259;2.4
-3.253;2.4
-3.248;2.4
-3.243;2.8
-3.237;3.2
-3.232;3.6
-3.227;4.0
-3.221;4.4
-3.216;4.4
-3.211;4.8
-3.205;5.2
-3.200;5.7
-3.195;6.2
-3.189;6.4
-3.184;6.0
-3.179;5.6
-3.173;5.6
-3.168;5.5
-3.163;5.2
-3.157;4.7
-3.152;3.9
-3.147;3.5
-3.141;3.1
-3.136;2.9
-3.131;2.9
-3.125;3.1
-3.120;3.2
-3.115;3.6
-3.109;4.2
-3.104;4.9
-3.099;5.7
-3.093;6.2
-3.088;6.4
-3.083;6.8
-3.077;7.5
-3.072;8.3
-3.067;8.7
-3.061;8.4
-3.056;7.6
-3.051;7.1
-3.045;7.0
-3.040;7.0
-3.035;6.7
-3.029;6.0
-3.024;5.2
-3.019;4.4
-3.013;4.0
-3.008;3.7
-3.003;3.7
-2.997;3.9
-2.992;4.1
-2.987;4.7
-2.981;5.4
-2.976;6.5
-2.971;7.4
-2.965;8.0
-2.960;8.4
-2.955;8.7
-2.949;9.2
-2.944;10.2
-2.939;10.8
-2.933;10.9
-2.928;10.1
-2.923;9.5
-2.917;9.0
-2.912;8.8
-2.907;8.4
-2.901;8.0
-2.896;7.1
-2.891;6.0
-2.885;5.2
-2.880;4.8
-2.875;4.4
-2.869;4.4
-2.864;4.4
-2.859;4.8
-2.853;5.6
-2.848;6.7
-2.843;7.9
-2.837;9.1
-2.832;9.9
-2.827;10.3
-2.821;10.6
-2.816;11.2
-2.811;12.0
-2.805;13.2
-2.800;13.9
-2.795;13.5
-2.789;12.4
-2.784;11.6
-2.779;11.1
-2.773;10.7
-2.768;10.3
-2.763;9.7
-2.757;8.9
-2.752;7.7
-2.747;6.7
-2.741;6.0
-2.736;5.6
-2.731;5.5
-2.725;5.4
-2.720;5.8
-2.715;6.4
-2.709;7.6
-2.704;8.9
-2.699;10.4
-2.693;11.3
-2.688;11.8
-2.683;12.0
-2.677;12.5
-2.672;13.7
-2.667;15.3
-2.661;16.6
-2.656;17.0
-2.651;16.2
-2.645;15.2
-2.640;14.0
-2.635;13.2
-2.629;12.8
-2.624;12.4
-2.619;11.7
-2.613;10.8
-2.608;9.6
-2.602;8.4
-2.597;7.3
-2.592;6.8
-2.586;6.4
-2.581;6.4
-2.576;6.6
-2.570;7.2
-2.565;8.2
-2.560;9.6
-2.554;11.2
-2.549;12.8
-2.544;14.0
-2.538;14.6
-2.533;14.6
-2.528;14.8
-2.522;15.7
-2.517;17.2
-2.512;18.4
-2.506;18.9
-2.501;18.7
-2.496;17.9
-2.490;16.7
-2.485;15.9
-2.480;15.2
-2.474;14.7
-2.469;14.0
-2.464;13.2
-2.458;12.1
-2.453;10.8
-2.448;9.5
-2.442;8.3
-2.437;7.5
-2.432;7.1
-2.426;7.0
-2.421;7.2
-2.416;7.8
-2.410;8.8
-2.405;10.1
-2.400;12.0
-2.394;13.8
-2.389;15.4
-2.384;16.2
-2.378;16.4
-2.373;16.5
-2.368;16.9
-2.362;18.1
-2.357;19.9
-2.352;21.6
-2.346;22.2
-2.341;21.6
-2.336;20.4
-2.330;19.1
-2.325;18.0
-2.320;17.2
-2.314;16.6
-2.309;16.2
-2.304;15.5
-2.298;14.4
-2.293;13.2
-2.288;11.8
-2.282;10.4
-2.277;9.2
-2.272;8.4
-2.266;8.0
-2.261;7.8
-2.256;7.8
-2.250;8.2
-2.245;9.0
-2.240;10.4
-2.234;12.4
-2.229;14.7
-2.223;16.7
-2.218;17.9
-2.213;18.3
-2.207;18.3
-2.202;18.3
-2.197;19.1
-2.191;20.7
-2.186;22.8
-2.181;24.7
-2.175;25.5
-2.170;24.8
-2.165;23.6
-2.159;22.0
-2.154;20.7
-2.149;19.6
-2.143;19.0
-2.138;18.5
-2.133;18.0
-2.127;17.2
-2.122;16.2
-2.117;15.0
-2.111;13.7
-2.106;12.2
-2.101;10.9
-2.095;9.8
-2.090;9.1
-2.085;8.7
-2.079;8.5
-2.074;8.8
-2.069;9.5
-2.063;10.4
-2.058;12.0
-2.053;14.0
-2.047;16.0
-2.042;18.0
-2.037;19.2
-2.031;19.8
-2.026;20.0
-2.021;19.9
-2.015;20.3
-2.010;21.5
-2.005;23.6
-1.999;26.1
-1.994;28.0
-1.989;28.4
-1.983;27.5
-1.978;25.7
-1.972;24.1
-1.967;22.6
-1.962;21.8
-1.956;21.2
-1.951;20.7
-1.946;20.3
-1.940;19.6
-1.935;18.8
-1.930;17.6
-1.924;16.4
-1.919;15.0
-1.914;13.5
-1.908;12.3
-1.903;11.1
-1.898;10.3
-1.892;9.9
-1.887;9.6
-1.882;9.6
-1.876;10.0
-1.871;10.8
-1.866;12.0
-1.860;13.7
-1.855;15.8
-1.850;18.1
-1.844;20.2
-1.839;21.6
-1.834;22.2
-1.828;22.0
-1.823;21.6
-1.818;21.2
-1.812;21.5
-1.807;22.4
-1.802;24.4
-1.796;27.0
-1.791;29.6
-1.786;30.7
-1.780;30.2
-1.775;28.7
-1.769;26.8
-1.764;25.1
-1.759;23.9
-1.753;22.8
-1.748;22.4
-1.743;22.0
-1.737;21.5
-1.732;20.7
-1.727;20.2
-1.721;19.6
-1.716;18.8
-1.711;17.6
-1.705;16.2
-1.700;14.7
-1.695;13.5
-1.689;12.3
-1.684;11.4
-1.679;10.6
-1.673;10.3
-1.668;9.9
-1.663;9.9
-1.657;10.3
-1.652;11.1
-1.647;12.2
-1.641;13.8
-1.636;15.8
-1.631;18.1
-1.625;20.4
-1.620;22.4
-1.615;23.6
-1.609;24.2
-1.604;24.0
-1.599;23.5
-1.593;22.8
-1.588;22.8
-1.582;23.6
-1.577;25.2
-1.572;27.7
-1.566;30.7
-1.561;33.2
-1.556;34.6
-1.550;34.3
-1.545;32.6
-1.540;30.2
-1.534;28.0
-1.529;26.0
-1.524;24.8
-1.518;24.0
-1.513;23.6
-1.508;23.7
-1.502;24.0
-1.497;24.0
-1.492;23.7
-1.486;23.2
-1.481;22.3
-1.476;21.1
-1.470;19.6
-1.465;18.0
-1.460;16.5
-1.454;15.1
-1.449;13.9
-1.444;12.8
-1.438;12.0
-1.433;11.2
-1.428;10.6
-1.422;10.4
-1.417;10.4
-1.411;10.4
-1.406;10.8
-1.401;11.3
-1.395;12.1
-1.390;13.2
-1.385;14.8
-1.379;16.8
-1.374;19.2
-1.369;21.6
-1.363;23.6
-1.358;24.9
-1.353;25.7
-1.347;26.0
-1.342;25.6
-1.337;24.8
-1.331;24.1
-1.326;23.6
-1.321;23.7
-1.315;24.4
-1.310;25.9
-1.305;28.3
-1.299;31.1
-1.294;34.0
-1.289;36.4
-1.283;37.6
-1.278;37.5
-1.273;36.1
-1.267;34.0
-1.262;31.6
-1.256;29.5
-1.251;27.6
-1.246;26.3
-1.240;25.5
-1.235;25.2
-1.230;25.3
-1.224;25.6
-1.219;26.0
-1.214;26.4
-1.208;26.4
-1.203;26.0
-1.198;25.5
-1.192;24.6
-1.187;23.4
-1.182;22.0
-1.176;20.3
-1.171;18.7
-1.166;17.2
-1.160;16.0
-1.155;14.8
-1.150;13.6
-1.144;12.8
-1.139;12.0
-1.134;11.6
-1.128;11.3
-1.123;11.1
-1.118;10.8
-1.112;10.8
-1.107;10.8
-1.101;10.8
-1.096;11.2
-1.091;11.6
-1.085;12.4
-1.080;13.4
-1.075;14.7
-1.069;16.3
-1.064;18.1
-1.059;20.0
-1.053;22.0
-1.048;23.7
-1.043;25.2
-1.037;26.4
-1.032;27.4
-1.027;27.9
-1.021;27.7
-1.016;27.1
-1.011;26.4
-1.005;25.7
-1.000;25.2
-0.995;24.8
-0.989;24.6
-0.984;24.8
-0.979;25.6
-0.973;26.8
-0.968;28.7
-0.962;30.9
-0.957;33.4
-0.952;35.9
-0.946;38.2
-0.941;40.0
-0.936;41.2
-0.930;41.5
-0.925;40.7
-0.920;39.1
-0.914;37.1
-0.909;34.8
-0.904;32.6
-0.898;30.6
-0.893;29.0
-0.888;27.6
-0.882;26.7
-0.877;26.1
-0.872;25.9
-0.866;25.9
-0.861;26.2
-0.856;26.6
-0.850;27.0
-0.845;27.5
-0.840;28.0
-0.834;28.4
-0.829;28.5
-0.823;28.5
-0.818;28.1
-0.813;27.6
-0.807;26.9
-0.802;26.0
-0.797;25.1
-0.791;23.9
-0.786;22.7
-0.781;21.6
-0.775;20.4
-0.770;19.2
-0.765;18.1
-0.759;17.1
-0.754;16.3
-0.749;15.5
-0.743;14.8
-0.738;14.0
-0.733;13.2
-0.727;12.8
-0.722;12.4
-0.717;12.0
-0.711;11.6
-0.706;11.2
-0.701;11.0
-0.695;10.8
-0.690;10.8
-0.684;10.8
-0.679;10.8
-0.674;10.8
-0.668;11.0
-0.663;11.3
-0.658;11.6
-0.652;12.0
-0.647;12.4
-0.642;12.8
-0.636;13.6
-0.631;14.4
-0.626;15.2
-0.620;16.3
-0.615;17.2
-0.610;18.4
-0.604;19.8
-0.599;21.1
-0.594;22.4
-0.588;23.8
-0.583;25.1
-0.578;26.3
-0.572;27.4
-0.567;28.3
-0.561;29.1
-0.556;29.6
-0.551;30.0
-0.545;30.3
-0.540;30.4
-0.535;30.2
-0.529;29.9
-0.524;29.5
-0.519;29.1
-0.513;28.6
-0.508;27.9
-0.503;27.2
-0.497;26.8
-0.492;26.4
-0.487;26.3
-0.481;26.0
-0.476;25.6
-0.471;25.3
-0.465;25.2
-0.460;25.1
-0.455;25.2
-0.449;25.2
-0.444;25.6
-0.438;25.9
-0.433;26.4
-0.428;26.9
-0.422;27.7
-0.417;28.5
-0.412;29.6
-0.406;30.7
-0.401;31.9
-0.396;33.5
-0.390;35.1
-0.385;36.8
-0.380;38.3
-0.374;39.7
-0.369;41.1
-0.364;42.4
-0.358;43.5
-0.353;44.4
-0.348;45.2
-0.342;45.7
-0.337;46.1
-0.332;46.3
-0.326;46.2
-0.321;46.0
-0.316;45.7
-0.310;45.2
-0.305;44.6
-0.299;43.5
-0.294;42.0
-0.289;40.0
-0.283;38.5
-0.278;37.9
-0.273;38.0
-0.267;38.1
-0.262;37.6
-0.257;36.8
-0.251;36.2
-0.246;35.7
-0.241;35.3
-0.235;34.6
-0.230;34.0
-0.225;33.2
-0.219;32.6
-0.214;32.0
-0.209;31.4
-0.203;30.8
-0.198;30.1
-0.193;29.3
-0.187;28.8
-0.182;28.4
-0.176;28.3
-0.171;28.0
-0.166;27.7
-0.160;27.2
-0.155;27.0
-0.150;26.8
-0.144;26.8
-0.139;26.7
-0.134;26.4
-0.128;26.0
-0.123;25.6
-0.118;25.2
-0.112;25.2
-0.107;25.2
-0.102;25.5
-0.096;25.5
-0.091;25.5
-0.086;25.4
-0.080;25.2
-0.075;25.1
-0.070;25.1
-0.064;25.1
-0.059;25.0
-0.053;24.9
-0.048;24.8
-0.043;24.7
-0.037;24.7
-0.032;24.9
-0.027;25.2
-0.021;25.3
-0.016;25.4
-0.011;25.4
-0.005;25.5
0.000;25.5
0.005;25.2
0.011;25.2
0.016;25.2
0.021;25.2
0.027;25.2
0.032;25.2
0.037;25.2
0.043;25.2
0.048;25.2
0.053;25.2
0.059;25.2
0.064;25.2
0.070;25.2
0.075;25.2
0.080;25.2
0.086;25.2
0.091;25.2
0.096;25.3
0.102;25.5
0.107;25.5
0.112;25.6
0.118;25.6
0.123;25.6
0.128;25.7
0.134;25.8
0.139;25.8
0.144;25.8
0.150;25.8
0.155;26.0
0.160;26.3
0.166;26.6
0.171;26.7
0.176;26.9
0.182;27.2
0.187;27.6
0.193;28.0
0.198;28.4
0.203;28.7
0.209;29.1
0.214;29.5
0.219;29.9
0.225;30.4
0.230;31.1
0.235;31.6
0.241;32.0
0.246;32.5
0.251;33.1
0.257;33.8
0.262;34.7
0.267;35.5
0.273;36.4
0.278;37.2
0.283;38.1
0.289;39.0
0.294;39.9
0.299;40.7
0.305;41.5
0.310;42.3
0.316;43.1
0.321;43.8
0.326;44.6
0.332;45.2
0.337;45.7
0.342;46.2
0.348;46.5
0.353;46.7
0.358;46.7
0.364;46.4
0.369;45.9
0.374;45.5
0.380;44.9
0.385;44.1
0.390;43.0
0.396;41.8
0.401;40.3
0.406;38.7
0.412;37.1
0.417;35.6
0.422;34.3
0.428;33.0
0.433;31.5
0.438;30.0
0.444;28.8
0.449;27.8
0.455;27.0
0.460;26.3
0.465;25.9
0.471;25.5
0.476;25.2
0.481;24.9
0.487;24.8
0.492;24.4
0.497;24.4
0.503;24.8
0.508;25.5
0.513;26.2
0.519;27.0
0.524;27.8
0.529;28.5
0.535;29.2
0.540;29.9
0.545;30.4
0.551;31.1
0.556;31.6
0.561;32.0
0.567;32.2
0.572;32.3
0.578;32.1
0.583;31.8
0.588;31.2
0.594;30.3
0.599;29.1
0.604;27.9
0.610;26.3
0.615;24.7
0.620;23.1
0.626;21.5
0.631;19.9
0.636;18.4
0.642;17.2
0.647;16.0
0.652;14.9
0.658;14.1
0.663;13.3
0.668;12.7
0.674;12.0
0.679;11.6
0.684;11.2
0.690;10.9
0.695;10.7
0.701;10.7
0.706;10.7
0.711;10.7
0.717;10.7
0.722;10.7
0.727;10.7
0.733;10.9
0.738;11.3
0.743;11.9
0.749;12.3
0.754;12.8
0.759;13.3
0.765;14.1
0.770;14.9
0.775;16.0
0.781;17.2
0.786;18.4
0.791;19.6
0.797;20.8
0.802;21.7
0.807;22.5
0.813;23.4
0.818;24.6
0.823;26.0
0.829;27.2
0.834;28.0
0.840;28.4
0.845;28.7
0.850;28.7
0.856;28.3
0.861;27.2
0.866;25.7
0.872;24.0
0.877;22.6
0.882;21.9
0.888;22.0
0.893;23.2
0.898;24.9
0.904;26.7
0.909;28.0
0.914;29.2
0.920;30.0
0.925;31.3
0.930;33.1
0.936;35.5
0.941;37.9
0.946;40.1
0.952;41.7
0.957;42.6
0.962;42.8
0.968;42.4
0.973;41.0
0.979;38.8
0.984;36.0
0.989;33.1
0.995;30.3
1.000;28.0
1.005;26.4
1.011;25.5
1.016;25.1
1.021;25.4
1.027;26.0
1.032;26.9
1.037;28.0
1.043;29.1
1.048;29.8
1.053;30.3
1.059;30.4
1.064;30.0
1.069;28.7
1.075;26.7
1.080;24.2
1.085;21.6
1.091;19.1
1.096;16.9
1.101;15.2
1.107;13.7
1.112;12.6
1.118;11.8
1.123;11.2
1.128;10.8
1.134;10.7
1.139;10.7
1.144;10.7
1.150;11.1
1.155;11.5
1.160;12.3
1.166;13.1
1.171;14.2
1.176;15.4
1.182;16.8
1.187;18.0
1.192;19.2
1.198;20.0
1.203;20.4
1.208;19.6
1.214;18.0
1.219;16.8
1.224;17.2
1.230;19.3
1.235;22.0
1.240;24.1
1.246;25.3
1.251;26.0
1.256;26.7
1.262;27.1
1.267;27.9
1.273;28.8
1.278;30.0
1.283;31.2
1.289;32.6
1.294;33.8
1.299;35.0
1.305;36.2
1.310;37.1
1.315;37.1
1.321;35.6
1.326;33.2
1.331;30.3
1.337;27.6
1.342;25.5
1.347;24.6
1.353;24.6
1.358;25.2
1.363;26.2
1.369;27.2
1.374;27.9
1.379;27.8
1.385;26.8
1.390;24.7
1.395;21.9
1.401;19.1
1.406;16.7
1.411;14.8
1.417;13.2
1.422;12.0
1.428;11.2
1.433;10.4
1.438;10.4
1.444;10.3
1.449;10.4
1.454;10.8
1.460;11.6
1.465;12.8
1.470;14.1
1.476;15.5
1.481;17.0
1.486;18.2
1.492;19.4
1.497;20.5
1.502;21.5
1.508;22.3
1.513;22.8
1.518;23.2
1.524;23.6
1.529;24.0
1.534;24.7
1.540;25.5
1.545;26.7
1.550;27.9
1.556;29.2
1.561;30.4
1.566;31.5
1.572;32.4
1.577;32.9
1.582;32.9
1.588;32.1
1.593;30.5
1.599;28.6
1.604;26.5
1.609;24.7
1.615;23.6
1.620;23.6
1.625;24.3
1.631;25.1
1.636;25.6
1.641;25.5
1.647;24.3
1.652;22.0
1.657;19.1
1.663;16.3
1.668;13.9
1.673;12.2
1.679;11.0
1.684;10.4
1.689;10.0
1.695;10.0
1.700;10.4
1.705;11.2
1.711;12.0
1.716;13.2
1.721;14.4
1.727;15.6
1.732;16.8
1.737;17.6
1.743;18.4
1.748;19.1
1.753;19.9
1.759;21.0
1.764;22.1
1.769;23.3
1.775;24.4
1.780;25.6
1.786;26.4
1.791;27.3
1.796;28.1
1.802;29.0
1.807;29.8
1.812;30.2
1.818;29.8
1.823;28.6
1.828;26.6
1.834;24.6
1.839;23.3
1.844;23.0
1.850;23.1
1.855;23.5
1.860;23.5
1.866;22.9
1.871;21.3
1.876;18.9
1.882;16.0
1.887;13.6
1.892;11.6
1.898;10.5
1.903;9.9
1.908;9.6
1.914;10.0
1.919;10.6
1.924;11.4
1.930;12.6
1.935;13.8
1.940;15.0
1.946;16.2
1.951;17.2
1.956;18.0
1.962;19.1
1.967;20.0
1.972;20.8
1.978;22.0
1.983;23.2
1.989;24.4
1.994;25.6
1.999;26.4
2.005;26.8
2.010;27.2
2.015;27.6
2.021;27.5
2.026;26.8
2.031;25.4
2.037;23.7
2.042;22.4
2.047;21.8
2.053;21.8
2.058;21.8
2.063;21.4
2.069;20.1
2.074;17.8
2.079;15.1
2.085;12.7
2.090;10.8
2.095;9.6
2.101;9.2
2.106;9.2
2.111;9.6
2.117;10.4
2.122;11.4
2.127;12.5
2.133;13.7
2.138;14.8
2.143;15.9
2.149;16.8
2.154;17.7
2.159;18.8
2.165;20.0
2.170;21.2
2.175;22.5
2.181;23.6
2.186;24.4
2.191;24.8
2.197;24.9
2.202;24.9
2.207;24.8
2.213;24.2
2.218;23.1
2.223;21.7
2.229;20.6
2.234;20.0
2.240;19.7
2.245;19.2
2.250;17.9
2.256;15.8
2.261;13.3
2.266;11.2
2.272;9.6
2.277;8.8
2.282;8.5
2.288;8.8
2.293;9.6
2.298;10.4
2.304;11.6
2.309;12.8
2.314;13.9
2.320;14.8
2.325;15.6
2.330;16.7
2.336;17.9
2.341;19.1
2.346;20.4
2.352;21.5
2.357;22.4
2.362;22.8
2.368;22.8
2.373;22.8
2.378;22.4
2.384;22.0
2.389;21.1
2.394;19.8
2.400;18.8
2.405;18.1
2.410;17.6
2.416;16.4
2.421;14.8
2.426;12.8
2.432;10.8
2.437;9.2
2.442;8.4
2.448;8.0
2.453;8.4
2.458;9.1
2.464;10.0
2.469;11.1
2.474;12.1
2.480;13.2
2.485;14.0
2.490;14.9
2.496;16.0
2.501;17.2
2.506;18.4
2.512;19.6
2.517;20.4
2.522;20.7
2.528;20.4
2.533;19.9
2.538;19.4
2.544;18.9
2.549;18.4
2.554;17.6
2.560;16.8
2.565;15.9
2.570;15.1
2.576;13.6
2.581;11.9
2.586;10.0
2.592;8.5
2.597;7.7
2.602;7.5
2.608;7.6
2.613;8.4
2.619;9.2
2.624;10.4
2.629;11.5
2.635;12.4
2.640;13.2
2.645;14.1
2.651;15.1
2.656;16.3
2.661;17.2
2.667;18.0
2.672;18.3
2.677;18.3
2.683;18.0
2.688;17.9
2.693;17.5
2.699;16.7
2.704;15.6
2.709;14.8
2.715;14.0
2.720;12.8
2.725;11.2
2.731;9.4
2.736;8.2
2.741;7.1
2.747;6.7
2.752;6.9
2.757;7.4
2.763;8.2
2.768;9.2
2.773;10.3
2.779;11.1
2.784;11.7
2.789;12.5
2.795;13.5
2.800;14.5
2.805;15.5
2.811;16.3
2.816;16.6
2.821;16.4
2.827;16.0
2.832;15.2
2.837;14.5
2.843;13.5
2.848;12.4
2.853;11.5
2.859;10.7
2.864;9.6
2.869;8.4
2.875;7.2
2.880;6.4
2.885;6.0
2.891;6.0
2.896;6.4
2.901;6.8
2.907;7.6
2.912;8.4
2.917;9.4
2.923;10.4
2.928;11.2
2.933;12.0
2.939;12.8
2.944;13.6
2.949;14.0
2.955;14.0
2.960;13.6
2.965;13.2
2.971;12.7
2.976;12.0
2.981;11.2
2.987;10.4
2.992;9.6
2.997;8.5
3.003;7.2
3.008;6.4
3.013;5.6
3.019;5.2
3.024;5.2
3.029;5.6
3.035;6.4
3.040;7.2
3.045;8.0
3.051;8.8
3.056;9.5
3.061;10.0
3.067;10.4
3.072;11.1
3.077;11.6
3.083;11.8
3.088;11.5
3.093;11.0
3.099;10.4
3.104;10.0
3.109;9.2
3.115;8.4
3.120;7.5
3.125;6.6
3.131;5.8
3.136;5.0
3.141;4.5
3.147;4.4
3.152;4.4
3.157;4.7
3.163;5.1
3.168;5.9
3.173;6.7
3.179;7.5
3.184;8.0
3.189;8.4
3.195;8.8
3.200;9.2
3.205;9.2
3.211;9.2
3.216;8.8
3.221;8.3
3.227;7.9
3.232;7.5
3.237;7.1
3.243;6.7
3.248;6.0
3.253;5.2
3.259;4.4
3.264;4.0
3.269;3.9
3.275;3.9
3.280;4.0
3.285;4.4
3.291;4.8
3.296;5.4
3.301;6.0
3.306;6.4
3.312;6.8
3.317;7.2
3.322;7.4
3.328;7.6
3.333;7.6
3.338;7.2
3.344;6.8
3.349;6.4
3.354;6.0
3.360;5.6
3.365;4.8
3.370;4.0
3.376;3.6
3.381;3.2
3.386;3.2
3.392;3.2
3.397;3.2
3.402;3.5
3.408;3.9
3.413;4.2
3.418;4.6
3.424;5.0
3.429;5.4
3.434;5.8
3.440;6.0
3.445;6.0
3.450;6.0
3.456;5.6
3.461;5.2
3.466;4.8
3.472;4.5
3.477;4.1
3.482;3.6
3.488;3.2
3.493;2.8
3.498;2.8
3.504;2.8
3.509;2.8
3.514;2.8
3.520;2.9
3.525;3.2
3.530;3.6
3.536;4.0
3.541;4.4
3.546;4.4
3.552;4.4
3.557;4.5
3.562;4.5
3.568;4.3
3.573;4.0
3.578;3.9
3.584;3.6
3.589;3.5
3.594;3.1
3.600;2.7
3.605;2.4
3.610;2.1
3.616;2.0
3.621;2.0
3.626;2.3
3.632;2.4
3.637;2.8
3.642;3.1
3.647;3.3
3.653;3.6
3.658;3.6
3.663;3.6
3.669;3.6
3.674;3.5
3.679;3.4
3.685;3.1
3.690;2.9
3.695;2.8
3.701;2.5
3.706;2.3
3.711;2.0
3.717;1.9
3.722;1.9
3.727;1.9
3.733;2.0
3.738;2.0
3.743;2.1
3.749;2.4
3.754;2.6
3.759;2.6
3.765;2.6
3.770;2.6
3.775;2.6
3.781;2.4
3.786;2.4
3.791;2.4
3.797;2.3
3.802;2.0
3.807;1.7
3.813;1.6
3.818;1.6
3.823;1.6
3.829;1.6
3.834;1.6
3.839;1.6
3.844;1.7
3.850;1.9
3.855;1.9
3.860;1.9
3.866;1.9
3.871;1.9
3.876;1.7
3.882;1.7
3.887;1.6
3.892;1.6
3.898;1.6
3.903;1.5
3.908;1.4
3.914;1.3
3.919;1.2
3.924;1.2
3.930;1.2
3.935;1.2
3.940;1.2
3.946;1.3
3.951;1.4
3.956;1.5
3.962;1.5
3.967;1.5
3.972;1.4
3.978;1.4
3.983;1.4
3.988;1.3
3.994;1.2
3.999;1.2
4.004;1.2
4.009;1.2
4.015;1.2
4.020;1.2
4.025;1.1
4.031;1.1
4.036;1.1
4.041;1.1
4.047;1.1
4.052;1.1
4.057;1.1
4.063;1.1
4.068;1.1
4.073;1.0
4.079;0.9
4.084;0.9
4.089;0.8
4.095;0.8
4.100;0.8
4.105;0.8
4.111;0.8
4.116;0.8
4.121;0.8
4.127;0.8
4.132;0.8
4.137;0.8
4.143;0.8
4.148;0.8
4.153;0.8
4.158;0.8
4.164;0.8
4.169;0.8
4.174;0.8
4.180;0.8
4.185;0.8
4.190;0.8
4.196;0.8
4.201;0.8
4.206;0.8
4.212;0.8
4.217;0.8
4.222;0.8
4.228;0.8
4.233;0.8
4.238;0.8
4.244;0.8
4.249;0.8
4.254;0.8
4.260;0.8
4.265;0.8
4.270;0.8
4.275;0.8
4.281;0.8
4.286;0.8
4.291;0.8
4.297;0.8
4.302;0.8
4.307;0.8
4.313;0.8
4.318;0.8
4.323;0.8
4.329;0.8
4.334;0.8
4.339;0.8
4.345;0.8
4.350;0.8
4.355;0.8
4.361;0.8
4.366;0.8
4.371;0.7
4.377;0.7
4.382;0.7
4.387;0.7
4.392;0.7
4.398;0.7
4.403;0.7
4.408;0.7
4.414;0.7
4.419;0.6
4.424;0.6
4.430;0.6
4.435;0.6
4.440;0.6
4.446;0.5
4.451;0.5
4.456;0.5
4.462;0.5
4.467;0.5
4.472;0.5
4.478;0.5
4.483;0.5
4.488;0.5
4.493;0.4
4.499;0.4
4.504;0.4
4.509;0.4
4.515;0.4
4.520;0.4
4.525;0.4
4.531;0.4
4.536;0.4
4.541;0.4
4.547;0.4
4.552;0.4
4.557;0.4
4.563;0.4
4.568;0.4
4.573;0.4
4.578;0.4
4.584;0.4
4.589;0.4
4.594;0.4
4.600;0.4
4.605;0.4
4.610;0.4
4.616;0.4
4.621;0.4
4.626;0.4
4.632;0.4
4.637;0.4
4.642;0.4
4.648;0.4
4.653;0.4
4.658;0.4
4.663;0.4
4.669;0.4
4.674;0.4
4.679;0.4
4.685;0.4
4.690;0.4
4.695;0.4
4.701;0.4
4.706;0.4
4.711;0.4
4.717;0.4
4.722;0.4
4.727;0.4
4.733;0.4
4.738;0.4
4.743;0.4
4.748;0.4
4.754;0.4
4.759;0.4
4.764;0.4
4.770;0.4
4.775;0.4
4.780;0.4
4.786;0.4
4.791;0.4
4.796;0.4
4.802;0.4
4.807;0.4
4.812;0.4
4.818;0.4
4.823;0.4
4.828;0.4
4.833;0.4
4.839;0.4
4.844;0.4
4.849;0.4
4.855;0.4
4.860;0.4
4.865;0.4
4.871;0.4
4.876;0.4
4.881;0.4
4.887;0.4
4.892;0.4
4.897;0.4
4.902;0.4
4.908;0.4
4.913;0.4
4.918;0.4
4.924;0.4
4.929;0.4
4.934;0.4
4.940;0.4
4.945;0.4
4.950;0.4
4.956;0.3
4.961;0.3
4.966;0.3
4.971;0.3
4.977;0.3
4.982;0.3
4.987;0.3
4.993;0.3
4.998;0.3
5.003;0.3
5.009;0.3
5.014;0.3
5.019;0.3
5.025;0.3
5.030;0.3
5.035;0.3
5.040;0.3
5.046;0.3
5.051;0.3
5.056;0.3
5.062;0.3
5.067;0.3
5.072;0.3
5.078;0.3
5.083;0.3
5.088;0.3
5.094;0.3
5.099;0.3
5.104;0.3
5.109;0.3
5.115;0.3
5.120;0.3
5.125;0.3
5.131;0.3
5.136;0.3
5.141;0.3
5.147;0.3
5.152;0.3
5.157;0.3
5.162;0.3
5.168;0.3
5.173;0.3
5.178;0.3
5.184;0.3
5.189;0.3
5.194;0.3
5.200;0.3
5.205;0.3
5.210;0.3
5.216;0.3
5.221;0.3
5.226;0.3
5.231;0.3
5.237;0.3
5.242;0.3
5.247;0.3
5.253;0.3
5.258;0.3
5.263;0.3
5.269;0.3
5.274;0.3
5.279;0.3
5.284;0.3
5.290;0.3
5.295;0.3
5.300;0.3
5.306;0.3
5.311;0.3
5.316;0.3
5.322;0.3
5.327;0.3
5.332;0.3
5.337;0.3
5.343;0.3
5.348;0.3
5.353;0.3
5.359;0.3
5.364;0.3
5.369;0.3
5.375;0.3
5.380;0.3
5.385;0.3
5.390;0.3
5.396;0.3
5.401;0.3
5.406;0.3
5.412;0.3
5.417;0.3
5.422;0.3
5.428;0.3
5.433;0.3
5.438;0.3
5.443;0.3
5.449;0.3
5.454;0.3
5.459;0.3
