-5.454;0.0
-5.449;0.0
-5.443;0.0
-5.438;0.0
-5.433;0.0
-5.428;0.0
-5.422;0.0
-5.417;0.0
-5.412;0.0
-5.406;0.0
-5.401;0.0
-5.396;0.0
-5.390;0.0
-5.385;0.0
-5.380;0.0
-5.375;0.0
-5.369;0.0
-5.364;0.0
-5.359;0.0
-5.353;0.0
-5.348;0.0
-5.343;0.0
-5.337;0.0
-5.332;0.0
-5.327;0.1
-5.322;0.0
-5.316;0.1
-5.311;0.1
-5.306;0.1
-5.300;0.1
-5.295;0.1
-5.290;0.1
-5.284;0.1
-5.279;0.1
-5.274;0.1
-5.269;0.1
-5.263;0.1
-5.258;0.1
-5.253;0.1
-5.247;0.1
-5.242;0.1
-5.237;0.1
-5.231;0.1
-5.226;0.1
-5.221;0.1
-5.216;0.1
-5.210;0.1
-5.205;0.1
-5.200;0.1
-5.194;0.1
-5.189;0.1
-5.184;0.1
-5.178;0.1
-5.173;0.1
-5.168;0.1
-5.162;0.1
-5.157;0.1
-5.152;0.1
-5.147;0.1
-5.141;0.1
-5.136;0.1
-5.131;0.1
-5.125;0.1
-5.120;0.1
-5.115;0.1
-5.109;0.1
-5.104;0.1
-5.099;0.1
-5.094;0.2
-5.088;0.2
-5.083;0.2
-5.078;0.2
-5.072;0.2
-5.067;0.2
-5.062;0.2
-5.056;0.2
-5.051;0.2
-5.046;0.2
-5.040;0.2
-5.035;0.2
-5.030;0.2
-5.025;0.2
-5.019;0.2
-5.014;0.2
-5.009;0.2
-5.003;0.2
-4.998;0.2
-4.993;0.2
-4.987;0.2
-4.982;0.2
-4.977;0.2
-4.971;0.2
-4.966;0.3
-4.961;0.3
-4.956;0.3
-4.950;0.3
-4.945;0.3
-4.940;0.3
-4.934;0.3
-4.929;0.3
-4.924;0.3
-4.918;0.3
-4.913;0.3
-4.908;0.3
-4.902;0.3
-4.897;0.3
-4.892;0.3
-4.887;0.3
-4.881;0.3
-4.876;0.3
-4.871;0.3
-4.865;0.3
-4.860;0.3
-4.855;0.3
-4.849;0.3
-4.844;0.3
-4.839;0.3
-4.833;0.3
-4.828;0.3
-4.823;0.3
-4.818;0.3
-4.812;0.3
-4.807;0.4
-4.802;0.4
-4.796;0.4
-4.791;0.4
-4.786;0.4
-4.780;0.4
-4.775;0.4
-4.770;0.3
-4.764;0.3
-4.759;0.4
-4.754;0.4
-4.748;0.4
-4.743;0.4
-4.738;0.4
-4.733;0.4
-4.727;0.4
-4.722;0.4
-4.717;0.4
-4.711;0.4
-4.706;0.4
-4.701;0.4
-4.695;0.4
-4.690;0.4
-4.685;0.4
-4.679;0.4
-4.674;0.4
-4.669;0.4
-4.663;0.4
-4.658;0.4
-4.653;0.4
-4.648;0.4
-4.642;0.4
-4.637;0.4
-4.632;0.4
-4.626;0.4
-4.621;0.4
-4.616;0.4
-4.610;0.4
-4.605;0.4
-4.600;0.4
-4.594;0.4
-4.589;0.4
-4.584;0.4
-4.578;0.4
-4.573;0.4
-4.568;0.4
-4.563;0.4
-4.557;0.4
-4.552;0.4
-4.547;0.4
-4.541;0.4
-4.536;0.4
-4.531;0.4
-4.525;0.4
-4.520;0.4
-4.515;0.4
-4.509;0.4
-4.504;0.4
-4.499;0.4
-4.493;0.4
-4.488;0.4
-4.483;0.4
-4.478;0.4
-4.472;0.4
-4.467;0.4
-4.462;0.4
-4.456;0.4
-4.451;0.4
-4.446;0.4
-4.440;0.4
-4.435;0.4
-4.430;0.4
-4.424;0.4
-4.419;0.4
-4.414;0.4
-4.408;0.4
-4.403;0.4
-4.398;0.4
-4.392;0.4
-4.387;0.4
-4.382;0.4
-4.377;0.4
-4.371;0.4
-4.366;0.4
-4.361;0.4
-4.355;0.4
-4.350;0.4
-4.345;0.4
-4.339;0.4
-4.334;0.4
-4.329;0.4
-4.323;0.4
-4.318;0.4
-4.313;0.4
-4.307;0.4
-4.302;0.4
-4.297;0.4
-4.291;0.4
-4.286;0.4
-4.281;0.4
-4.275;0.4
-4.270;0.4
-4.265;0.4
-4.260;0.4
-4.254;0.4
-4.249;0.4
-4.244;0.4
-4.238;0.4
-4.233;0.4
-4.228;0.4
-4.222;0.4
-4.217;0.4
-4.212;0.4
-4.206;0.4
-4.201;0.4
-4.196;0.4
-4.190;0.4
-4.185;0.4
-4.180;0.4
-4.174;0.4
-4.169;0.4
-4.164;0.4
-4.158;0.4
-4.153;0.4
-4.148;0.4
-4.143;0.4
-4.137;0.4
-4.132;0.4
-4.127;0.4
-4.121;0.4
-4.116;0.4
-4.111;0.4
-4.105;0.4
-4.100;0.4
-4.095;0.4
-4.089;0.4
-4.084;0.4
-4.079;0.4
-4.073;0.4
-4.068;0.4
-4.063;0.4
-4.057;0.4
-4.052;0.4
-4.047;0.4
-4.041;0.4
-4.036;0.4
-4.031;0.4
-4.025;0.4
-4.020;0.4
-4.015;0.4
-4.009;0.4
-4.004;0.4
-3.999;0.5
-3.994;0.5
-3.988;0.5
-3.983;0.6
-3.978;0.6
-3.972;0.6
-3.967;0.6
-3.962;0.6
-3.956;0.6
-3.951;0.6
-3.946;0.6
-3.940;0.6
-3.935;0.7
-3.930;0.7
-3.924;0.7
-3.919;0.7
-3.914;0.7
-3.908;0.7
-3.903;0.7
-3.898;0.7
-3.892;0.8
-3.887;0.8
-3.882;0.8
-3.876;0.8
-3.871;0.8
-3.866;0.8
-3.860;0.8
-3.855;0.8
-3.850;0.8
-3.844;0.8
-3.839;0.8
-3.834;0.8
-3.829;0.8
-3.823;0.8
-3.818;0.8
-3.813;0.8
-3.807;0.8
-3.802;0.8
-3.797;0.8
-3.791;0.8
-3.786;0.8
-3.781;0.8
-3.775;0.8
-3.770;0.8
-3.765;0.8
-3.759;0.8
-3.754;0.8
-3.749;0.8
-3.743;0.8
-3.738;0.8
-3.733;0.8
-3.727;0.8
-3.722;0.8
-3.717;0.8
-3.711;0.8
-3.706;0.8
-3.701;0.8
-3.695;0.8
-3.690;1.0
-3.685;1.1
-3.679;1.2
-3.674;1.2
-3.669;1.2
-3.663;1.2
-3.658;1.2
-3.653;1.2
-3.647;1.2
-3.642;1.2
-3.637;1.2
-3.632;1.2
-3.626;1.2
-3.621;1.2
-3.616;1.2
-3.610;1.2
-3.605;1.2
-3.600;1.2
-3.594;1.2
-3.589;1.2
-3.584;1.2
-3.578;1.2
-3.573;1.5
-3.568;1.6
-3.562;1.8
-3.557;1.8
-3.552;2.0
-3.546;2.0
-3.541;2.0
-3.536;2.0
-3.530;1.9
-3.525;1.6
-3.520;1.6
-3.514;1.6
-3.509;1.6
-3.504;1.5
-3.498;1.4
-3.493;1.2
-3.488;1.2
-3.482;1.2
-3.477;1.3
-3.472;1.5
-3.466;1.8
-3.461;2.0
-3.456;2.4
-3.450;2.6
-3.445;2.8
-3.440;2.8
-3.434;2.9
-3.429;3.1
-3.424;3.1
-3.418;2.8
-3.413;2.8
-3.408;2.7
-3.402;2.7
-3.397;2.4
-3.392;2.4
-3.386;2.0
-3.381;1.8
-3.376;1.8
-3.370;1.8
-3.365;1.9
-3.360;2.0
-3.354;2.4
-3.349;2.8
-3.344;3.1
-3.338;3.4
-3.333;3.6
-3.328;3.7
-3.322;3.8
-3.317;4.0
-3.312;4.0
-3.306;4.0
-3.301;3.7
-3.296;3.5
-3.291;3.2
-3.285;3.2
-3.280;3.1
-3.275;3.1
-3.269;2.8
-3.264;2.5
-3.259;2.4
-3.253;2.4
-3.248;2.4
-3.243;2.8
-3.237;3.2
-3.232;3.6
-3.227;4.0
-3.221;4.4
-3.216;4.4
-3.211;4.5
-3.205;4.9
-3.200;5.6
-3.195;6.0
-3.189;6.4
-3.184;6.0
-3.179;5.6
-3.173;5.3
-3.168;5.3
-3.163;5.2
-3.157;4.8
-3.152;4.2
-3.147;3.7
-3.141;3.3
-3.136;3.0
-3.131;3.0
-3.125;3.1
-3.120;3.2
-3.115;3.6
-3.109;4.3
-3.104;4.9
-3.099;5.7
-3.093;6.1
-3.088;6.4
-3.083;6.8
-3.077;7.2
-3.072;8.0
-3.067;8.6
-3.061;8.4
-3.056;7.5
-3.051;7.0
-3.045;6.9
-3.040;6.9
-3.035;6.8
-3.029;6.3
-3.024;5.5
-3.019;4.7
-3.013;4.0
-3.008;4.0
-3.003;4.0
-2.997;4.0
-2.992;4.3
-2.987;4.8
-2.981;5.6
-2.976;6.7
-2.971;7.5
-2.965;8.0
-2.960;8.2
-2.955;8.6
-2.949;9.2
-2.944;10.0
-2.939;10.8
-2.933;10.9
-2.928;10.2
-2.923;9.5
-2.917;8.8
-2.912;8.8
-2.907;8.6
-2.901;8.2
-2.896;7.4
-2.891;6.4
-2.885;5.6
-2.880;4.9
-2.875;4.4
-2.869;4.4
-2.864;4.7
-2.859;5.1
-2.853;5.9
-2.848;6.8
-2.843;8.0
-2.837;9.0
-2.832;9.7
-2.827;10.1
-2.821;10.4
-2.816;10.9
-2.811;11.8
-2.805;13.0
-2.800;13.8
-2.795;13.5
-2.789;12.5
-2.784;11.6
-2.779;11.0
-2.773;10.6
-2.768;10.4
-2.763;10.1
-2.757;9.4
-2.752;8.4
-2.747;7.2
-2.741;6.4
-2.736;6.0
-2.731;5.6
-2.725;5.6
-2.720;6.0
-2.715;6.7
-2.709;7.9
-2.704;9.2
-2.699;10.7
-2.693;11.5
-2.688;11.7
-2.683;11.8
-2.677;12.3
-2.672;13.5
-2.667;15.1
-2.661;16.5
-2.656;17.0
-2.651;16.4
-2.645;15.2
-2.640;14.0
-2.635;13.2
-2.629;12.8
-2.624;12.4
-2.619;12.0
-2.613;11.4
-2.608;10.3
-2.602;9.1
-2.597;7.9
-2.592;7.2
-2.586;6.7
-2.581;6.7
-2.576;6.9
-2.570;7.6
-2.565;8.5
-2.560;10.0
-2.554;11.6
-2.549;13.2
-2.544;14.0
-2.538;14.4
-2.533;14.4
-2.528;14.5
-2.522;15.3
-2.517;16.9
-2.512;18.2
-2.506;18.9
-2.501;18.8
-2.496;18.0
-2.490;16.8
-2.485;15.8
-2.480;15.0
-2.474;14.6
-2.469;14.1
-2.464;13.6
-2.458;12.8
-2.453;11.7
-2.448;10.4
-2.442;9.2
-2.437;8.2
-2.432;7.6
-2.426;7.4
-2.421;7.6
-2.416;8.2
-2.410;9.3
-2.405;10.8
-2.400;12.5
-2.394;14.4
-2.389;15.8
-2.384;16.3
-2.378;16.3
-2.373;16.1
-2.368;16.5
-2.362;17.6
-2.357;19.5
-2.352;21.4
-2.346;22.3
-2.341;21.9
-2.336;20.7
-2.330;19.2
-2.325;18.0
-2.320;17.2
-2.314;16.8
-2.309;16.4
-2.304;15.9
-2.298;15.1
-2.293;14.0
-2.288;12.8
-2.282;11.5
-2.277;10.3
-2.272;9.5
-2.266;8.8
-2.261;8.4
-2.256;8.4
-2.250;8.8
-2.245;9.6
-2.240;11.0
-2.234;12.9
-2.229;15.2
-2.223;17.1
-2.218;18.2
-2.213;18.3
-2.207;17.9
-2.202;17.9
-2.197;18.6
-2.191;20.2
-2.186;22.5
-2.181;24.5
-2.175;25.6
-2.170;25.1
-2.165;23.8
-2.159;22.1
-2.154;20.8
-2.149;19.6
-2.143;19.1
-2.138;18.7
-2.133;18.3
-2.127;17.6
-2.122;16.9
-2.117;15.9
-2.111;14.8
-2.106;13.3
-2.101;12.0
-2.095;10.8
-2.090;10.0
-2.085;9.5
-2.079;9.4
-2.074;9.6
-2.069;10.2
-2.063;11.2
-2.058;12.7
-2.053;14.7
-2.047;16.7
-2.042;18.3
-2.037;19.3
-2.031;19.7
-2.026;19.6
-2.021;19.5
-2.015;19.9
-2.010;21.1
-2.005;23.2
-1.999;25.8
-1.994;28.0
-1.989;28.8
-1.983;28.0
-1.978;26.4
-1.972;24.6
-1.967;23.0
-1.962;21.8
-1.956;21.1
-1.951;20.8
-1.946;20.4
-1.940;20.1
-1.935;19.4
-1.930;18.6
-1.924;17.4
-1.919;16.2
-1.914;14.8
-1.908;13.5
-1.903;12.3
-1.898;11.4
-1.892;10.6
-1.887;10.4
-1.882;10.3
-1.876;10.7
-1.871;11.5
-1.866;12.9
-1.860;14.7
-1.855;16.9
-1.850;19.1
-1.844;21.0
-1.839;22.2
-1.834;22.4
-1.828;22.0
-1.823;21.4
-1.818;21.0
-1.812;21.1
-1.807;21.9
-1.802;23.8
-1.796;26.6
-1.791;29.4
-1.786;30.9
-1.780;30.7
-1.775;29.3
-1.769;27.5
-1.764;25.6
-1.759;24.0
-1.753;22.8
-1.748;22.2
-1.743;21.8
-1.737;21.4
-1.732;20.9
-1.727;20.8
-1.721;20.4
-1.716;20.0
-1.711;18.9
-1.705;17.7
-1.700;16.3
-1.695;14.9
-1.689;13.6
-1.684;12.5
-1.679;11.7
-1.673;11.2
-1.668;10.8
-1.663;10.8
-1.657;11.2
-1.652;12.0
-1.647;13.3
-1.641;15.0
-1.636;17.1
-1.631;19.4
-1.625;21.5
-1.620;23.2
-1.615;24.1
-1.609;24.3
-1.604;23.8
-1.599;22.9
-1.593;22.4
-1.588;22.3
-1.582;23.0
-1.577;24.6
-1.572;27.1
-1.566;30.2
-1.561;33.0
-1.556;34.8
-1.550;34.8
-1.545;33.4
-1.540;31.0
-1.534;28.6
-1.529;26.5
-1.524;24.9
-1.518;23.9
-1.513;23.5
-1.508;23.5
-1.502;23.6
-1.497;23.9
-1.492;23.9
-1.486;23.6
-1.481;23.2
-1.476;22.4
-1.470;21.3
-1.465;19.7
-1.460;18.3
-1.454;16.8
-1.449;15.6
-1.444;14.4
-1.438;13.4
-1.433;12.5
-1.428;11.9
-1.422;11.5
-1.417;11.5
-1.411;11.5
-1.406;11.9
-1.401;12.4
-1.395;13.4
-1.390;14.6
-1.385;16.3
-1.379;18.5
-1.374;20.9
-1.369;22.9
-1.363;24.5
-1.358;25.7
-1.353;26.1
-1.347;25.9
-1.342;25.3
-1.337;24.5
-1.331;23.7
-1.326;23.2
-1.321;23.2
-1.315;23.9
-1.310;25.4
-1.305;27.6
-1.299;30.4
-1.294;33.5
-1.289;36.3
-1.283;37.9
-1.278;38.3
-1.273;37.1
-1.267;35.1
-1.262;32.6
-1.256;30.2
-1.251;28.1
-1.246;26.5
-1.240;25.3
-1.235;24.8
-1.230;24.8
-1.224;25.1
-1.219;25.5
-1.214;25.9
-1.208;26.2
-1.203;26.3
-1.198;26.0
-1.192;25.6
-1.187;24.9
-1.182;23.7
-1.176;22.1
-1.171;20.7
-1.166;19.1
-1.160;17.8
-1.155;16.6
-1.150;15.4
-1.144;14.3
-1.139;13.4
-1.134;13.0
-1.128;12.6
-1.123;12.3
-1.118;12.0
-1.112;11.7
-1.107;11.7
-1.101;11.9
-1.096;12.3
-1.091;12.8
-1.085;13.6
-1.080;14.7
-1.075;16.2
-1.069;17.9
-1.064;19.8
-1.059;21.8
-1.053;23.7
-1.048;25.2
-1.043;26.4
-1.037;27.2
-1.032;27.9
-1.027;28.0
-1.021;27.6
-1.016;26.8
-1.011;26.0
-1.005;25.2
-1.000;24.6
-0.995;24.1
-0.989;23.9
-0.984;24.1
-0.979;24.9
-0.973;26.2
-0.968;28.1
-0.962;30.3
-0.957;32.9
-0.952;35.6
-0.946;38.1
-0.941;40.1
-0.936;41.6
-0.930;42.1
-0.925;41.7
-0.920;40.3
-0.914;38.3
-0.909;36.1
-0.904;33.7
-0.898;31.5
-0.893;29.6
-0.888;28.0
-0.882;26.8
-0.877;25.9
-0.872;25.5
-0.866;25.2
-0.861;25.2
-0.856;25.5
-0.850;26.0
-0.845;26.4
-0.840;27.1
-0.834;27.7
-0.829;28.2
-0.823;28.6
-0.818;28.6
-0.813;28.5
-0.807;28.3
-0.802;27.8
-0.797;27.1
-0.791;26.2
-0.786;25.1
-0.781;24.0
-0.775;22.8
-0.770;21.6
-0.765;20.5
-0.759;19.3
-0.754;18.4
-0.749;17.3
-0.743;16.5
-0.738;15.8
-0.733;15.1
-0.727;14.3
-0.722;13.8
-0.717;13.2
-0.711;12.8
-0.706;12.4
-0.701;12.2
-0.695;12.0
-0.690;12.0
-0.684;12.0
-0.679;12.0
-0.674;12.0
-0.668;12.2
-0.663;12.4
-0.658;12.8
-0.652;13.2
-0.647;13.6
-0.642;14.2
-0.636;15.0
-0.631;15.9
-0.626;17.1
-0.620;18.2
-0.615;19.5
-0.610;20.7
-0.604;22.0
-0.599;23.4
-0.594;24.7
-0.588;26.0
-0.583;27.2
-0.578;28.2
-0.572;29.0
-0.567;29.6
-0.561;30.2
-0.556;30.5
-0.551;30.7
-0.545;30.6
-0.540;30.4
-0.535;30.1
-0.529;29.6
-0.524;29.1
-0.519;28.7
-0.513;28.0
-0.508;27.4
-0.503;26.6
-0.497;26.2
-0.492;25.8
-0.487;25.6
-0.481;25.3
-0.476;25.0
-0.471;24.7
-0.465;24.5
-0.460;24.5
-0.455;24.5
-0.449;24.7
-0.444;25.0
-0.438;25.4
-0.433;25.9
-0.428;26.4
-0.422;27.2
-0.417;28.0
-0.412;29.1
-0.406;30.1
-0.401;31.4
-0.396;33.0
-0.390;34.6
-0.385;36.3
-0.380;37.8
-0.374;39.4
-0.369;40.9
-0.364;42.2
-0.358;43.4
-0.353;44.5
-0.348;45.4
-0.342;46.1
-0.337;46.7
-0.332;46.9
-0.326;47.0
-0.321;46.9
-0.316;46.7
-0.310;46.3
-0.305;45.7
-0.299;44.7
-0.294;43.1
-0.289;41.2
-0.283;39.6
-0.278;39.1
-0.273;39.3
-0.267;39.4
-0.262;39.0
-0.257;38.0
-0.251;37.4
-0.246;36.9
-0.241;36.4
-0.235;35.6
-0.230;35.1
-0.225;34.4
-0.219;33.8
-0.214;33.1
-0.209;32.3
-0.203;31.7
-0.198;31.0
-0.193;30.3
-0.187;29.6
-0.182;29.1
-0.176;28.8
-0.171;28.5
-0.166;28.2
-0.160;27.8
-0.155;27.4
-0.150;27.1
-0.144;27.0
-0.139;27.0
-0.134;26.7
-0.128;26.1
-0.123;25.6
-0.118;25.2
-0.112;25.1
-0.107;25.1
-0.102;25.3
-0.096;25.3
-0.091;25.3
-0.086;25.2
-0.080;25.0
-0.075;24.7
-0.070;24.7
-0.064;24.7
-0.059;24.6
-0.053;24.5
-0.048;24.3
-0.043;24.2
-0.037;24.2
-0.032;24.3
-0.027;24.7
-0.021;24.7
-0.016;24.8
-0.011;24.8
-0.005;24.8
0.000;24.8
0.005;24.7
0.011;24.7
0.016;24.7
0.021;24.7
0.027;24.7
0.032;24.7
0.037;24.7
0.043;24.6
0.048;24.7
0.053;24.7
0.059;24.7
0.064;24.7
0.070;24.8
0.075;24.7
0.080;24.7
0.086;24.7
0.091;24.8
0.096;24.9
0.102;25.1
0.107;25.2
0.112;25.4
0.118;25.4
0.123;25.5
0.128;25.5
0.134;25.7
0.139;25.7
0.144;25.7
0.150;25.8
0.155;26.1
0.160;26.3
0.166;26.7
0.171;26.8
0.176;27.2
0.182;27.5
0.187;27.9
0.193;28.3
0.198;28.7
0.203;29.1
0.209;29.5
0.214;30.0
0.219;30.4
0.225;31.1
0.230;31.8
0.235;32.4
0.241;32.9
0.246;33.4
0.251;34.0
0.257;34.8
0.262;35.6
0.267;36.5
0.273;37.3
0.278;38.4
0.283;39.3
0.289;40.2
0.294;41.1
0.299;41.9
0.305;42.7
0.310;43.5
0.316;44.3
0.321;45.1
0.326;45.8
0.332;46.3
0.337;46.8
0.342;47.2
0.348;47.5
0.353;47.6
0.358;47.5
0.364;47.1
0.369;46.6
0.374;46.0
0.380;45.3
0.385;44.4
0.390;43.2
0.396;41.9
0.401;40.3
0.406;38.6
0.412;37.0
0.417;35.5
0.422;34.2
0.428;32.7
0.433;31.3
0.438;29.9
0.444;28.7
0.449;27.5
0.455;26.7
0.460;25.9
0.465;25.4
0.471;25.0
0.476;24.6
0.481;24.3
0.487;24.1
0.492;23.8
0.497;23.6
0.503;23.9
0.508;24.5
0.513;25.2
0.519;26.0
0.524;26.7
0.529;27.4
0.535;28.1
0.540;28.9
0.545;29.6
0.551;30.3
0.556;31.0
0.561;31.7
0.567;32.2
0.572;32.6
0.578;32.7
0.583;32.7
0.588;32.4
0.594;32.0
0.599;31.2
0.604;30.3
0.610;29.1
0.615;27.6
0.620;26.0
0.626;24.4
0.631;22.8
0.636;21.2
0.642;19.6
0.647;18.2
0.652;16.9
0.658;15.9
0.663;15.0
0.668;14.1
0.674;13.4
0.679;12.8
0.684;12.4
0.690;12.0
0.695;11.6
0.701;11.6
0.706;11.6
0.711;11.6
0.717;11.6
0.722;11.6
0.727;11.9
0.733;12.3
0.738;12.7
0.743;13.2
0.749;13.8
0.754;14.6
0.759;15.4
0.765;16.3
0.770;17.1
0.775;18.3
0.781;19.5
0.786;20.7
0.791;21.9
0.797;23.0
0.802;23.7
0.807;24.3
0.813;25.1
0.818;26.2
0.823;27.4
0.829;28.4
0.834;28.9
0.840;29.1
0.845;29.1
0.850;28.8
0.856;28.1
0.861;26.9
0.866;25.2
0.872;23.5
0.877;21.9
0.882;21.2
0.888;21.5
0.893;22.8
0.898;24.5
0.904;26.4
0.909;27.9
0.914;29.1
0.920;30.2
0.925;31.6
0.930;33.5
0.936;36.0
0.941;38.6
0.946;41.0
0.952;42.6
0.957;43.4
0.962;43.7
0.968;43.1
0.973;41.5
0.979;39.2
0.984;36.2
0.989;33.1
0.995;30.2
1.000;27.8
1.005;26.0
1.011;24.9
1.016;24.4
1.021;24.5
1.027;25.0
1.032;26.0
1.037;27.1
1.043;28.2
1.048;29.4
1.053;30.3
1.059;31.0
1.064;31.1
1.069;30.4
1.075;28.9
1.080;26.9
1.085;24.4
1.091;21.8
1.096;19.3
1.101;17.2
1.107;15.5
1.112;14.2
1.118;13.2
1.123;12.4
1.128;12.0
1.134;11.6
1.139;11.6
1.144;11.8
1.150;12.2
1.155;12.8
1.160;13.7
1.166;14.8
1.171;16.0
1.176;17.3
1.182;18.6
1.187;19.8
1.192;20.9
1.198;21.7
1.203;21.8
1.208;20.7
1.214;18.8
1.219;17.2
1.224;17.5
1.230;19.4
1.235;22.1
1.240;24.1
1.246;25.1
1.251;25.7
1.256;26.3
1.262;26.9
1.267;27.6
1.273;28.7
1.278;30.1
1.283;31.5
1.289;33.0
1.294;34.3
1.299;35.5
1.305;36.8
1.310;37.7
1.315;37.6
1.321;36.0
1.326;33.3
1.331;30.2
1.337;27.3
1.342;25.1
1.347;24.0
1.353;23.8
1.358;24.3
1.363;25.4
1.369;26.7
1.374;27.7
1.379;28.2
1.385;27.8
1.390;26.3
1.395;24.0
1.401;21.3
1.406;18.8
1.411;16.8
1.417;15.2
1.422;13.6
1.428;12.4
1.433;11.6
1.438;11.2
1.444;11.1
1.449;11.6
1.454;12.3
1.460;13.2
1.465;14.3
1.470;15.7
1.476;17.0
1.481;18.3
1.486;19.5
1.492;20.7
1.497;21.6
1.502;22.4
1.508;22.9
1.513;23.3
1.518;23.5
1.524;23.7
1.529;24.0
1.534;24.7
1.540;25.4
1.545;26.6
1.550;27.8
1.556;29.3
1.561;30.5
1.566;31.7
1.572;32.8
1.577;33.5
1.582;33.4
1.588;32.3
1.593;30.7
1.599;28.7
1.604;26.3
1.609;24.3
1.615;23.1
1.620;23.1
1.625;23.8
1.631;24.8
1.636;25.7
1.641;26.1
1.647;25.5
1.652;23.7
1.657;21.1
1.663;18.4
1.668;15.7
1.673;13.7
1.679;12.1
1.684;11.2
1.689;10.8
1.695;11.0
1.700;11.4
1.705;12.2
1.711;13.3
1.716;14.5
1.721;15.7
1.727;16.9
1.732;17.8
1.737;18.5
1.743;19.1
1.748;19.5
1.753;20.2
1.759;21.2
1.764;22.3
1.769;23.4
1.775;24.4
1.780;25.5
1.786;26.6
1.791;27.4
1.796;28.2
1.802;29.2
1.807;30.0
1.812;30.4
1.818;30.0
1.823;28.6
1.828;26.5
1.834;24.4
1.839;22.8
1.844;22.4
1.850;22.7
1.855;23.3
1.860;23.7
1.866;23.7
1.871;22.8
1.876;20.7
1.882;17.9
1.887;15.2
1.892;13.0
1.898;11.6
1.903;10.8
1.908;10.7
1.914;10.8
1.919;11.6
1.924;12.5
1.930;13.6
1.935;14.8
1.940;16.0
1.946;17.0
1.951;17.9
1.956;18.7
1.962;19.5
1.967;20.3
1.972;21.1
1.978;22.0
1.983;23.2
1.989;24.4
1.994;25.6
1.999;26.5
2.005;27.1
2.010;27.5
2.015;27.8
2.021;27.8
2.026;27.0
2.031;25.5
2.037;23.6
2.042;22.1
2.047;21.4
2.053;21.6
2.058;22.0
2.063;22.0
2.069;21.2
2.074;19.4
2.079;16.8
2.085;14.1
2.090;12.1
2.095;10.8
2.101;10.0
2.106;10.0
2.111;10.4
2.117;11.2
2.122;12.3
2.127;13.5
2.133;14.7
2.138;15.6
2.143;16.4
2.149;17.2
2.154;18.0
2.159;19.0
2.165;20.2
2.170;21.4
2.175;22.7
2.181;23.8
2.186;24.6
2.191;24.9
2.197;25.1
2.202;25.2
2.207;25.0
2.213;24.3
2.218;23.1
2.223;21.5
2.229;20.4
2.234;20.0
2.240;20.0
2.245;19.9
2.250;19.0
2.256;17.2
2.261;14.8
2.266;12.4
2.272;10.8
2.277;9.8
2.282;9.5
2.288;9.6
2.293;10.4
2.298;11.2
2.304;12.4
2.309;13.5
2.314;14.4
2.320;15.3
2.325;16.1
2.330;16.9
2.336;18.0
2.341;19.2
2.346;20.5
2.352;21.7
2.357;22.5
2.362;22.9
2.368;23.0
2.373;22.9
2.378;22.6
2.384;22.0
2.389;20.9
2.394;19.7
2.400;18.8
2.405;18.4
2.410;18.0
2.416;17.2
2.421;15.9
2.426;13.9
2.432;11.7
2.437;10.1
2.442;9.2
2.448;8.8
2.453;9.1
2.458;9.9
2.464;10.7
2.469;11.6
2.474;12.8
2.480;13.6
2.485;14.5
2.490;15.3
2.496;16.3
2.501;17.4
2.506;18.6
2.512;19.7
2.517;20.5
2.522;20.8
2.528;20.5
2.533;20.1
2.538;19.5
2.544;19.0
2.549;18.4
2.554;17.6
2.560;16.9
2.565;16.3
2.570;15.6
2.576;14.4
2.581;12.8
2.586;10.9
2.592;9.3
2.597;8.5
2.602;8.1
2.608;8.2
2.613;8.9
2.619;9.8
2.624;11.0
2.629;11.9
2.635;12.8
2.640;13.6
2.645;14.4
2.651;15.3
2.656;16.4
2.661;17.3
2.667;18.1
2.672;18.4
2.677;18.3
2.683;18.2
2.688;18.0
2.693;17.5
2.699;16.8
2.704;16.0
2.709;15.2
2.715;14.4
2.720;13.3
2.725;12.0
2.731;10.4
2.736;8.9
2.741;7.6
2.747;7.2
2.752;7.4
2.757;7.9
2.763;8.7
2.768;9.7
2.773;10.7
2.779;11.2
2.784;12.0
2.789;12.7
2.795;13.6
2.800;14.6
2.805;15.6
2.811;16.3
2.816;16.7
2.821;16.4
2.827;16.0
2.832;15.2
2.837;14.5
2.843;13.6
2.848;12.7
2.853;11.9
2.859;11.2
2.864;10.4
2.869;9.2
2.875;8.0
2.880;6.9
2.885;6.4
2.891;6.4
2.896;6.8
2.901;7.3
2.907;8.0
2.912;8.8
2.917;9.6
2.923;10.5
2.928;11.2
2.933;12.0
2.939;12.8
2.944;13.6
2.949;14.0
2.955;14.0
2.960;13.6
2.965;13.2
2.971;12.7
2.976;12.0
2.981;11.4
2.987;10.8
2.992;10.0
2.997;9.2
3.003;8.0
3.008;6.8
3.013;6.0
3.019;5.6
3.024;5.6
3.029;6.0
3.035;6.5
3.040;7.3
3.045;8.1
3.051;8.9
3.056;9.6
3.061;10.0
3.067;10.4
3.072;11.1
3.077;11.5
3.083;11.8
3.088;11.5
3.093;10.9
3.099;10.3
3.104;9.9
3.109;9.2
3.115;8.6
3.120;7.8
3.125;7.0
3.131;6.1
3.136;5.3
3.141;4.8
3.147;4.4
3.152;4.4
3.157;4.8
3.163;5.3
3.168;6.1
3.173;6.8
3.179;7.6
3.184;8.0
3.189;8.4
3.195;8.8
3.200;9.2
3.205;9.3
3.211;9.3
3.216;8.8
3.221;8.3
3.227;7.9
3.232;7.5
3.237;7.2
3.243;6.8
3.248;6.0
3.253;5.2
3.259;4.4
3.264;4.0
3.269;4.0
3.275;4.0
3.280;4.0
3.285;4.4
3.291;4.8
3.296;5.6
3.301;6.1
3.306;6.5
3.312;6.8
3.317;7.2
3.322;7.3
3.328;7.6
3.333;7.6
3.338;7.2
3.344;6.8
3.349;6.4
3.354;6.0
3.360;5.6
3.365;5.1
3.370;4.3
3.376;3.7
3.381;3.4
3.386;3.2
3.392;3.2
3.397;3.2
3.402;3.5
3.408;3.9
3.413;4.3
3.418;4.6
3.424;5.0
3.429;5.3
3.434;5.7
3.440;6.0
3.445;6.0
3.450;6.0
3.456;5.6
3.461;5.2
3.466;4.8
3.472;4.5
3.477;4.2
3.482;3.8
3.488;3.4
3.493;3.0
3.498;2.8
3.504;2.8
3.509;2.8
3.514;2.8
3.520;3.0
3.525;3.3
3.530;3.7
3.536;4.0
3.541;4.4
3.546;4.4
3.552;4.4
3.557;4.4
3.562;4.4
3.568;4.2
3.573;4.0
3.578;3.7
3.584;3.6
3.589;3.5
3.594;3.2
3.600;2.8
3.605;2.4
3.610;2.1
3.616;2.0
3.621;2.0
3.626;2.2
3.632;2.4
3.637;2.8
3.642;3.0
3.647;3.3
3.653;3.5
3.658;3.6
3.663;3.6
3.669;3.6
3.674;3.4
3.679;3.2
3.685;2.9
3.690;2.8
3.695;2.8
3.701;2.5
3.706;2.3
3.711;2.0
3.717;1.9
3.722;1.9
3.727;1.9
3.733;2.0
3.738;2.0
3.743;2.0
3.749;2.3
3.754;2.4
3.759;2.4
3.765;2.4
3.770;2.4
3.775;2.4
3.781;2.4
3.786;2.4
3.791;2.3
3.797;2.1
3.802;1.8
3.807;1.6
3.813;1.6
3.818;1.6
3.823;1.6
3.829;1.6
3.834;1.6
3.839;1.6
3.844;1.6
3.850;1.6
3.855;1.6
3.860;1.6
3.866;1.6
3.871;1.6
3.876;1.6
3.882;1.6
3.887;1.6
3.892;1.6
3.898;1.6
3.903;1.5
3.908;1.3
3.914;1.2
3.919;1.2
3.924;1.2
3.930;1.2
3.935;1.2
3.940;1.2
3.946;1.2
3.951;1.2
3.956;1.3
3.962;1.3
3.967;1.3
3.972;1.2
3.978;1.2
3.983;1.2
3.988;1.2
3.994;1.2
3.999;1.2
4.004;0.9
4.009;0.9
4.015;0.9
4.020;0.9
4.025;0.9
4.031;0.9
4.036;0.9
4.041;0.9
4.047;0.9
4.052;0.9
4.057;0.9
4.063;0.9
4.068;0.8
4.073;0.8
4.079;0.8
4.084;0.8
4.089;0.8
4.095;0.8
4.100;0.8
4.105;0.8
4.111;0.8
4.116;0.8
4.121;0.8
4.127;0.8
4.132;0.8
4.137;0.8
4.143;0.8
4.148;0.8
4.153;0.8
4.158;0.8
4.164;0.8
4.169;0.8
4.174;0.8
4.180;0.8
4.185;0.8
4.190;0.8
4.196;0.8
4.201;0.8
4.206;0.8
4.212;0.8
4.217;0.8
4.222;0.8
4.228;0.8
4.233;0.8
4.238;0.8
4.244;0.8
4.249;0.8
4.254;0.8
4.260;0.8
4.265;0.8
4.270;0.7
4.275;0.7
4.281;0.7
4.286;0.7
4.291;0.7
4.297;0.7
4.302;0.7
4.307;0.6
4.313;0.6
4.318;0.6
4.323;0.6
4.329;0.6
4.334;0.5
4.339;0.5
4.345;0.5
4.350;0.5
4.355;0.5
4.361;0.5
4.366;0.5
4.371;0.4
4.377;0.4
4.382;0.4
4.387;0.4
4.392;0.4
4.398;0.4
4.403;0.4
4.408;0.4
4.414;0.4
4.419;0.4
4.424;0.4
4.430;0.4
4.435;0.4
4.440;0.4
4.446;0.4
4.451;0.4
4.456;0.4
4.462;0.4
4.467;0.4
4.472;0.4
4.478;0.4
4.483;0.4
4.488;0.4
4.493;0.4
4.499;0.4
4.504;0.4
4.509;0.4
4.515;0.4
4.520;0.4
4.525;0.4
4.531;0.4
4.536;0.4
4.541;0.4
4.547;0.4
4.552;0.4
4.557;0.4
4.563;0.4
4.568;0.4
4.573;0.4
4.578;0.4
4.584;0.4
4.589;0.4
4.594;0.4
4.600;0.4
4.605;0.4
4.610;0.4
4.616;0.4
4.621;0.4
4.626;0.4
4.632;0.4
4.637;0.4
4.642;0.4
4.648;0.4
4.653;0.4
4.658;0.4
4.663;0.4
4.669;0.4
4.674;0.4
4.679;0.4
4.685;0.4
4.690;0.4
4.695;0.4
4.701;0.4
4.706;0.4
4.711;0.4
4.717;0.4
4.722;0.4
4.727;0.4
4.733;0.4
4.738;0.4
4.743;0.4
4.748;0.4
4.754;0.4
4.759;0.4
4.764;0.4
4.770;0.4
4.775;0.4
4.780;0.4
4.786;0.4
4.791;0.4
4.796;0.4
4.802;0.4
4.807;0.4
4.812;0.4
4.818;0.4
4.823;0.4
4.828;0.4
4.833;0.4
4.839;0.4
4.844;0.4
4.849;0.4
4.855;0.4
4.860;0.3
4.865;0.3
4.871;0.3
4.876;0.3
4.881;0.3
4.887;0.3
4.892;0.3
4.897;0.3
4.902;0.3
4.908;0.3
4.913;0.3
4.918;0.3
4.924;0.3
4.929;0.2
4.934;0.2
4.940;0.2
4.945;0.2
4.950;0.2
4.956;0.2
4.961;0.2
4.966;0.2
4.971;0.2
4.977;0.2
4.982;0.2
4.987;0.2
4.993;0.2
4.998;0.2
5.003;0.2
5.009;0.2
5.014;0.1
5.019;0.1
5.025;0.1
5.030;0.1
5.035;0.1
5.040;0.1
5.046;0.1
5.051;0.1
5.056;0.1
5.062;0.1
5.067;0.1
5.072;0.1
5.078;0.1
5.083;0.1
5.088;0.1
5.094;0.1
5.099;0.1
5.104;0.1
5.109;0.1
5.115;0.1
5.120;0.1
5.125;0.1
5.131;0.1
5.136;0.1
5.141;0.1
5.147;0.1
5.152;0.1
5.157;0.1
5.162;0.1
5.168;0.1
5.173;0.1
5.178;0.1
5.184;0.1
5.189;0.1
5.194;0.1
5.200;0.1
5.205;0.1
5.210;0.1
5.216;0.1
5.221;0.1
5.226;0.1
5.231;0.1
5.237;0.1
5.242;0.1
5.247;0.1
5.253;0.1
5.258;0.1
5.263;0.1
5.269;0.1
5.274;0.1
5.279;0.1
5.284;0.1
5.290;0.1
5.295;0.1
5.300;0.1
5.306;0.1
5.311;0.1
5.316;0.1
5.322;0.1
5.327;0.1
5.332;0.1
5.337;0.1
5.343;0.1
5.348;0.1
5.353;0.1
5.359;0.1
5.364;0.1
5.369;0.1
5.375;0.1
5.380;0.1
5.385;0.1
5.390;0.2
5.396;0.2
5.401;0.2
5.406;0.2
5.412;0.2
5.417;0.2
5.422;0.2
5.428;0.2
5.433;0.2
5.438;0.2
5.443;0.3
5.449;0.3
5.454;0.3
5.459;0.3
