-5.454;0.4
-5.449;0.4
-5.443;0.4
-5.438;0.4
-5.433;0.4
-5.428;0.4
-5.422;0.4
-5.417;0.4
-5.412;0.4
-5.406;0.4
-5.401;0.4
-5.396;0.4
-5.390;0.4
-5.385;0.4
-5.380;0.4
-5.375;0.4
-5.369;0.4
-5.364;0.4
-5.359;0.4
-5.353;0.4
-5.348;0.4
-5.343;0.4
-5.337;0.4
-5.332;0.4
-5.327;0.4
-5.322;0.4
-5.316;0.4
-5.311;0.4
-5.306;0.4
-5.300;0.4
-5.295;0.4
-5.290;0.4
-5.284;0.4
-5.279;0.4
-5.274;0.4
-5.269;0.4
-5.263;0.4
-5.258;0.4
-5.253;0.4
-5.247;0.4
-5.242;0.4
-5.237;0.4
-5.231;0.4
-5.226;0.4
-5.221;0.4
-5.216;0.4
-5.210;0.4
-5.205;0.4
-5.200;0.4
-5.194;0.4
-5.189;0.4
-5.184;0.4
-5.178;0.4
-5.173;0.4
-5.168;0.4
-5.162;0.4
-5.157;0.4
-5.152;0.4
-5.147;0.4
-5.141;0.4
-5.136;0.4
-5.131;0.4
-5.125;0.4
-5.120;0.4
-5.115;0.4
-5.109;0.4
-5.104;0.4
-5.099;0.4
-5.094;0.4
-5.088;0.4
-5.083;0.4
-5.078;0.4
-5.072;0.4
-5.067;0.4
-5.062;0.4
-5.056;0.4
-5.051;0.4
-5.046;0.4
-5.040;0.4
-5.035;0.4
-5.030;0.4
-5.025;0.4
-5.019;0.4
-5.014;0.4
-5.009;0.4
-5.003;0.4
-4.998;0.4
-4.993;0.4
-4.987;0.4
-4.982;0.4
-4.977;0.4
-4.971;0.4
-4.966;0.4
-4.961;0.4
-4.956;0.4
-4.950;0.4
-4.945;0.4
-4.940;0.4
-4.934;0.4
-4.929;0.4
-4.924;0.4
-4.918;0.4
-4.913;0.4
-4.908;0.4
-4.902;0.4
-4.897;0.4
-4.892;0.4
-4.887;0.4
-4.881;0.4
-4.876;0.4
-4.871;0.4
-4.865;0.4
-4.860;0.4
-4.855;0.4
-4.849;0.4
-4.844;0.4
-4.839;0.4
-4.833;0.4
-4.828;0.4
-4.823;0.4
-4.818;0.4
-4.812;0.4
-4.807;0.4
-4.802;0.4
-4.796;0.4
-4.791;0.4
-4.786;0.4
-4.780;0.4
-4.775;0.4
-4.770;0.4
-4.764;0.4
-4.759;0.4
-4.754;0.4
-4.748;0.4
-4.743;0.4
-4.738;0.4
-4.733;0.4
-4.727;0.4
-4.722;0.4
-4.717;0.4
-4.711;0.4
-4.706;0.4
-4.701;0.4
-4.695;0.4
-4.690;0.4
-4.685;0.4
-4.679;0.4
-4.674;0.4
-4.669;0.4
-4.663;0.4
-4.658;0.4
-4.653;0.4
-4.648;0.4
-4.642;0.4
-4.637;0.4
-4.632;0.4
-4.626;0.4
-4.621;0.4
-4.616;0.4
-4.610;0.4
-4.605;0.4
-4.600;0.4
-4.594;0.4
-4.589;0.4
-4.584;0.4
-4.578;0.4
-4.573;0.4
-4.568;0.4
-4.563;0.4
-4.557;0.4
-4.552;0.4
-4.547;0.4
-4.541;0.4
-4.536;0.4
-4.531;0.4
-4.525;0.4
-4.520;0.4
-4.515;0.4
-4.509;0.4
-4.504;0.4
-4.499;0.4
-4.493;0.4
-4.488;0.4
-4.483;0.4
-4.478;0.4
-4.472;0.4
-4.467;0.4
-4.462;0.4
-4.456;0.4
-4.451;0.4
-4.446;0.4
-4.440;0.4
-4.435;0.4
-4.430;0.4
-4.424;0.4
-4.419;0.4
-4.414;0.4
-4.408;0.4
-4.403;0.4
-4.398;0.4
-4.392;0.4
-4.387;0.4
-4.382;0.4
-4.377;0.4
-4.371;0.4
-4.366;0.4
-4.361;0.4
-4.355;0.4
-4.350;0.4
-4.345;0.4
-4.339;0.4
-4.334;0.4
-4.329;0.4
-4.323;0.4
-4.318;0.4
-4.313;0.4
-4.307;0.4
-4.302;0.4
-4.297;0.4
-4.291;0.4
-4.286;0.4
-4.281;0.4
-4.275;0.4
-4.270;0.4
-4.265;0.4
-4.260;0.4
-4.254;0.4
-4.249;0.4
-4.244;0.4
-4.238;0.4
-4.233;0.4
-4.228;0.4
-4.222;0.4
-4.217;0.4
-4.212;0.4
-4.206;0.4
-4.201;0.4
-4.196;0.4
-4.190;0.5
-4.185;0.5
-4.180;0.5
-4.174;0.5
-4.169;0.5
-4.164;0.5
-4.158;0.5
-4.153;0.5
-4.148;0.6
-4.143;0.6
-4.137;0.6
-4.132;0.6
-4.127;0.6
-4.121;0.6
-4.116;0.7
-4.111;0.7
-4.105;0.7
-4.100;0.7
-4.095;0.7
-4.089;0.7
-4.084;0.7
-4.079;0.7
-4.073;0.8
-4.068;0.8
-4.063;0.8
-4.057;0.8
-4.052;0.8
-4.047;0.8
-4.041;0.8
-4.036;0.8
-4.031;0.8
-4.025;0.8
-4.020;0.8
-4.015;0.8
-4.009;0.8
-4.004;0.8
-3.999;0.8
-3.994;0.8
-3.988;0.8
-3.983;0.8
-3.978;0.8
-3.972;0.8
-3.967;0.8
-3.962;0.8
-3.956;0.8
-3.951;0.8
-3.946;0.8
-3.940;0.8
-3.935;0.8
-3.930;0.8
-3.924;0.8
-3.919;0.8
-3.914;0.8
-3.908;0.8
-3.903;0.8
-3.898;0.8
-3.892;0.8
-3.887;0.8
-3.882;0.8
-3.876;0.8
-3.871;0.8
-3.866;0.8
-3.860;0.8
-3.855;0.8
-3.850;0.8
-3.844;0.8
-3.839;0.8
-3.834;0.8
-3.829;0.8
-3.823;0.8
-3.818;0.8
-3.813;0.8
-3.807;0.8
-3.802;0.8
-3.797;0.8
-3.791;0.8
-3.786;0.9
-3.781;1.0
-3.775;1.0
-3.770;1.0
-3.765;1.0
-3.759;1.0
-3.754;1.0
-3.749;1.0
-3.743;1.0
-3.738;1.0
-3.733;1.0
-3.727;1.0
-3.722;1.0
-3.717;1.0
-3.711;1.0
-3.706;1.0
-3.701;1.1
-3.695;1.1
-3.690;1.2
-3.685;1.2
-3.679;1.2
-3.674;1.2
-3.669;1.2
-3.663;1.2
-3.658;1.4
-3.653;1.4
-3.647;1.4
-3.642;1.4
-3.637;1.3
-3.632;1.2
-3.626;1.2
-3.621;1.2
-3.616;1.2
-3.610;1.2
-3.605;1.2
-3.600;1.2
-3.594;1.2
-3.589;1.2
-3.584;1.2
-3.578;1.3
-3.573;1.6
-3.568;1.8
-3.562;2.0
-3.557;2.0
-3.552;2.0
-3.546;2.0
-3.541;2.2
-3.536;2.2
-3.530;2.1
-3.525;1.9
-3.520;1.8
-3.514;1.6
-3.509;1.6
-3.504;1.6
-3.498;1.6
-3.493;1.5
-3.488;1.5
-3.482;1.5
-3.477;1.6
-3.472;1.6
-3.466;2.0
-3.461;2.3
-3.456;2.7
-3.450;2.8
-3.445;2.8
-3.440;2.8
-3.434;3.2
-3.429;3.2
-3.424;3.2
-3.418;2.9
-3.413;2.8
-3.408;2.8
-3.402;2.8
-3.397;2.7
-3.392;2.5
-3.386;2.2
-3.381;2.0
-3.376;2.0
-3.370;2.0
-3.365;2.0
-3.360;2.0
-3.354;2.4
-3.349;2.8
-3.344;3.2
-3.338;3.6
-3.333;3.7
-3.328;3.9
-3.322;4.0
-3.317;4.1
-3.312;4.1
-3.306;4.0
-3.301;3.8
-3.296;3.6
-3.291;3.2
-3.285;3.2
-3.280;3.2
-3.275;3.2
-3.269;2.9
-3.264;2.8
-3.259;2.5
-3.253;2.5
-3.248;2.5
-3.243;2.8
-3.237;3.2
-3.232;3.6
-3.227;4.0
-3.221;4.4
-3.216;4.5
-3.211;4.8
-3.205;5.1
-3.200;5.7
-3.195;6.3
-3.189;6.4
-3.184;6.0
-3.179;5.6
-3.173;5.5
-3.168;5.5
-3.163;5.4
-3.157;5.0
-3.152;4.4
-3.147;3.9
-3.141;3.5
-3.136;3.2
-3.131;3.2
-3.125;3.2
-3.120;3.6
-3.115;4.0
-3.109;4.5
-3.104;5.3
-3.099;6.0
-3.093;6.3
-3.088;6.4
-3.083;6.8
-3.077;7.5
-3.072;8.3
-3.067;8.8
-3.061;8.4
-3.056;7.6
-3.051;7.1
-3.045;7.0
-3.040;7.1
-3.035;6.9
-3.029;6.4
-3.024;5.6
-3.019;4.9
-3.013;4.3
-3.008;4.0
-3.003;4.0
-2.997;4.0
-2.992;4.4
-2.987;5.2
-2.981;6.0
-2.976;7.0
-2.971;7.8
-2.965;8.2
-2.960;8.4
-2.955;8.7
-2.949;9.2
-2.944;10.1
-2.939;10.9
-2.933;11.2
-2.928;10.3
-2.923;9.5
-2.917;8.9
-2.912;8.8
-2.907;8.8
-2.901;8.5
-2.896;7.8
-2.891;6.8
-2.885;6.0
-2.880;5.2
-2.875;4.8
-2.869;4.7
-2.864;4.8
-2.859;5.4
-2.853;6.2
-2.848;7.2
-2.843;8.4
-2.837;9.6
-2.832;10.0
-2.827;10.3
-2.821;10.4
-2.816;11.1
-2.811;12.0
-2.805;13.3
-2.800;14.0
-2.795;13.6
-2.789;12.5
-2.784;11.6
-2.779;11.1
-2.773;10.8
-2.768;10.6
-2.763;10.3
-2.757;9.6
-2.752;8.5
-2.747;7.4
-2.741;6.6
-2.736;6.1
-2.731;6.0
-2.725;6.0
-2.720;6.4
-2.715;7.2
-2.709;8.4
-2.704;9.7
-2.699;11.0
-2.693;11.7
-2.688;11.9
-2.683;11.9
-2.677;12.5
-2.672;13.7
-2.667;15.3
-2.661;16.8
-2.656;17.2
-2.651;16.4
-2.645;15.2
-2.640;14.0
-2.635;13.2
-2.629;12.8
-2.624;12.7
-2.619;12.3
-2.613;11.6
-2.608;10.4
-2.602;9.2
-2.597;8.0
-2.592;7.2
-2.586;6.8
-2.581;6.8
-2.576;7.2
-2.570;7.9
-2.565;8.9
-2.560;10.4
-2.554;12.0
-2.549;13.6
-2.544;14.4
-2.538;14.4
-2.533;14.4
-2.528;14.7
-2.522;15.6
-2.517;17.2
-2.512;18.4
-2.506;19.1
-2.501;18.8
-2.496;18.0
-2.490;16.8
-2.485;15.8
-2.480;15.2
-2.474;14.8
-2.469;14.4
-2.464;13.9
-2.458;13.1
-2.453;12.0
-2.448;10.7
-2.442;9.5
-2.437;8.4
-2.432;7.9
-2.426;7.6
-2.421;8.0
-2.416;8.5
-2.410;9.7
-2.405;11.3
-2.400;13.2
-2.394;14.8
-2.389;16.0
-2.384;16.4
-2.378;16.4
-2.373;16.3
-2.368;16.7
-2.362;17.9
-2.357;19.9
-2.352;21.7
-2.346;22.4
-2.341;21.9
-2.336;20.7
-2.330;19.2
-2.325;18.0
-2.320;17.2
-2.314;16.8
-2.309;16.4
-2.304;16.0
-2.298;15.3
-2.293;14.3
-2.288;13.1
-2.282;11.7
-2.277;10.4
-2.272;9.6
-2.266;9.0
-2.261;8.8
-2.256;8.8
-2.250;9.2
-2.245;10.1
-2.240;11.6
-2.234;13.6
-2.229;15.9
-2.223;17.6
-2.218;18.4
-2.213;18.4
-2.207;18.0
-2.202;18.0
-2.197;18.8
-2.191;20.6
-2.186;23.0
-2.181;25.0
-2.175;25.8
-2.170;25.2
-2.165;23.8
-2.159;22.0
-2.154;20.8
-2.149;19.6
-2.143;19.2
-2.138;18.8
-2.133;18.4
-2.127;18.0
-2.122;17.2
-2.117;16.2
-2.111;15.2
-2.106;13.8
-2.101;12.4
-2.095;11.1
-2.090;10.1
-2.085;9.7
-2.079;9.6
-2.074;10.0
-2.069;10.8
-2.063;12.0
-2.058;13.6
-2.053;15.5
-2.047;17.5
-2.042;18.9
-2.037;19.7
-2.031;19.9
-2.026;19.6
-2.021;19.5
-2.015;20.0
-2.010;21.2
-2.005;23.6
-1.999;26.4
-1.994;28.4
-1.989;28.8
-1.983;28.0
-1.978;26.3
-1.972;24.4
-1.967;22.7
-1.962;21.7
-1.956;21.0
-1.951;20.8
-1.946;20.6
-1.940;20.2
-1.935;19.6
-1.930;18.8
-1.924;17.6
-1.919;16.4
-1.914;15.2
-1.908;13.9
-1.903;12.7
-1.898;11.8
-1.892;11.2
-1.887;10.8
-1.882;10.8
-1.876;11.2
-1.871;12.0
-1.866;13.6
-1.860;15.6
-1.855;17.9
-1.850;20.0
-1.844;21.6
-1.839;22.5
-1.834;22.4
-1.828;22.0
-1.823;21.2
-1.818;20.8
-1.812;21.2
-1.807;22.3
-1.802;24.3
-1.796;27.1
-1.791;29.9
-1.786;31.2
-1.780;30.8
-1.775;29.2
-1.769;27.4
-1.764;25.4
-1.759;23.9
-1.753;22.8
-1.748;22.1
-1.743;21.8
-1.737;21.4
-1.732;21.0
-1.727;20.8
-1.721;20.6
-1.716;20.1
-1.711;19.2
-1.705;18.0
-1.700;16.5
-1.695;15.2
-1.689;14.0
-1.684;12.8
-1.679;12.0
-1.673;11.6
-1.668;11.1
-1.663;11.2
-1.657;11.6
-1.652;12.7
-1.647;14.0
-1.641;16.0
-1.636;18.1
-1.631;20.4
-1.625;22.4
-1.620;23.7
-1.615;24.4
-1.609;24.4
-1.604;23.6
-1.599;22.8
-1.593;22.3
-1.588;22.3
-1.582;23.0
-1.577;24.8
-1.572;27.5
-1.566;30.7
-1.561;33.5
-1.556;35.1
-1.550;34.9
-1.545;33.2
-1.540;30.8
-1.534;28.4
-1.529;26.3
-1.524;24.7
-1.518;23.6
-1.513;23.2
-1.508;23.3
-1.502;23.6
-1.497;23.8
-1.492;24.0
-1.486;23.8
-1.481;23.4
-1.476;22.5
-1.470;21.6
-1.465;20.2
-1.460;18.7
-1.454;17.2
-1.449;16.0
-1.444;14.8
-1.438;13.6
-1.433;12.8
-1.428;12.3
-1.422;11.9
-1.417;11.9
-1.411;11.9
-1.406;12.3
-1.401;13.1
-1.395;14.0
-1.390;15.5
-1.385;17.3
-1.379;19.5
-1.374;21.9
-1.369;23.9
-1.363;25.3
-1.358;26.1
-1.353;26.3
-1.347;25.9
-1.342;25.2
-1.337;24.2
-1.331;23.4
-1.326;23.1
-1.321;23.2
-1.315;24.0
-1.310;25.6
-1.305;28.1
-1.299;31.1
-1.294;34.0
-1.289;36.8
-1.283;38.3
-1.278;38.3
-1.273;37.1
-1.267;34.9
-1.262;32.4
-1.256;29.9
-1.251;27.9
-1.246;26.3
-1.240;25.2
-1.235;24.7
-1.230;24.7
-1.224;25.1
-1.219;25.5
-1.214;25.9
-1.208;26.2
-1.203;26.4
-1.198;26.4
-1.192;26.0
-1.187;25.2
-1.182;24.2
-1.176;22.8
-1.171;21.2
-1.166;19.6
-1.160;18.2
-1.155;16.9
-1.150;15.8
-1.144;14.7
-1.139;13.9
-1.134;13.3
-1.128;12.9
-1.123;12.6
-1.118;12.4
-1.112;12.3
-1.107;12.3
-1.101;12.4
-1.096;12.8
-1.091;13.6
-1.085;14.4
-1.080;15.7
-1.075;17.3
-1.069;19.1
-1.064;21.1
-1.059;23.0
-1.053;24.8
-1.048;26.1
-1.043;27.0
-1.037;27.6
-1.032;28.0
-1.027;28.0
-1.021;27.4
-1.016;26.4
-1.011;25.6
-1.005;24.9
-1.000;24.4
-0.995;23.9
-0.989;23.6
-0.984;24.0
-0.979;24.8
-0.973;26.4
-0.968;28.4
-0.962;30.8
-0.957;33.5
-0.952;36.2
-0.946;38.7
-0.941;40.6
-0.936;41.9
-0.930;42.2
-0.925;41.6
-0.920;40.1
-0.914;38.1
-0.909;35.9
-0.904;33.5
-0.898;31.2
-0.893;29.3
-0.888;27.7
-0.882;26.4
-0.877;25.6
-0.872;25.2
-0.866;25.0
-0.861;25.1
-0.856;25.4
-0.850;25.8
-0.845;26.3
-0.840;26.9
-0.834;27.6
-0.829;28.3
-0.823;28.7
-0.818;28.8
-0.813;28.8
-0.807;28.5
-0.802;28.1
-0.797;27.4
-0.791;26.5
-0.786;25.6
-0.781;24.4
-0.775;23.3
-0.770;22.1
-0.765;21.0
-0.759;19.8
-0.754;18.8
-0.749;18.0
-0.743;17.2
-0.738;16.4
-0.733;15.6
-0.727;14.8
-0.722;14.0
-0.717;13.6
-0.711;13.2
-0.706;12.8
-0.701;12.6
-0.695;12.4
-0.690;12.4
-0.684;12.4
-0.679;12.4
-0.674;12.5
-0.668;12.8
-0.663;13.1
-0.658;13.5
-0.652;13.9
-0.647;14.4
-0.642;15.0
-0.636;15.9
-0.631;17.0
-0.626;18.2
-0.620;19.4
-0.615;20.7
-0.610;22.0
-0.604;23.4
-0.599;24.7
-0.594;25.9
-0.588;27.1
-0.583;28.3
-0.578;29.1
-0.572;29.9
-0.567;30.3
-0.561;30.7
-0.556;30.8
-0.551;30.9
-0.545;30.7
-0.540;30.3
-0.535;29.9
-0.529;29.3
-0.524;28.9
-0.519;28.4
-0.513;27.6
-0.508;26.9
-0.503;26.2
-0.497;25.8
-0.492;25.5
-0.487;25.2
-0.481;25.0
-0.476;24.8
-0.471;24.4
-0.465;24.4
-0.460;24.4
-0.455;24.4
-0.449;24.6
-0.444;24.9
-0.438;25.4
-0.433;26.0
-0.428;26.7
-0.422;27.5
-0.417;28.4
-0.412;29.4
-0.406;30.6
-0.401;31.9
-0.396;33.6
-0.390;35.2
-0.385;36.9
-0.380;38.4
-0.374;40.0
-0.369;41.6
-0.364;42.8
-0.358;44.0
-0.353;45.1
-0.348;46.0
-0.342;46.6
-0.337;47.1
-0.332;47.3
-0.326;47.3
-0.321;47.3
-0.316;46.9
-0.310;46.5
-0.305;45.8
-0.299;44.8
-0.294;43.2
-0.289;41.2
-0.283;39.6
-0.278;39.0
-0.273;39.2
-0.267;39.2
-0.262;38.8
-0.257;37.9
-0.251;37.2
-0.246;36.7
-0.241;36.3
-0.235;35.6
-0.230;34.8
-0.225;34.1
-0.219;33.4
-0.214;32.7
-0.209;32.1
-0.203;31.4
-0.198;30.8
-0.193;30.0
-0.187;29.3
-0.182;28.9
-0.176;28.5
-0.171;28.3
-0.166;27.9
-0.160;27.5
-0.155;27.2
-0.150;26.9
-0.144;26.8
-0.139;26.7
-0.134;26.4
-0.128;25.9
-0.123;25.5
-0.118;25.0
-0.112;24.9
-0.107;24.9
-0.102;25.1
-0.096;25.1
-0.091;25.1
-0.086;25.0
-0.080;24.8
-0.075;24.4
-0.070;24.4
-0.064;24.4
-0.059;24.4
-0.053;24.2
-0.048;24.0
-0.043;23.9
-0.037;23.9
-0.032;24.2
-0.027;24.4
-0.021;24.5
-0.016;24.6
-0.011;24.6
-0.005;24.6
0.000;24.6
0.005;24.5
0.011;24.4
0.016;24.4
0.021;24.4
0.027;24.4
0.032;24.4
0.037;24.4
0.043;24.4
0.048;24.4
0.053;24.4
0.059;24.4
0.064;24.4
0.070;24.4
0.075;24.4
0.080;24.4
0.086;24.4
0.091;24.5
0.096;24.7
0.102;24.9
0.107;25.0
0.112;25.2
0.118;25.2
0.123;25.2
0.128;25.3
0.134;25.5
0.139;25.5
0.144;25.6
0.150;25.6
0.155;25.9
0.160;26.1
0.166;26.4
0.171;26.7
0.176;26.9
0.182;27.3
0.187;27.7
0.193;28.1
0.198;28.6
0.203;29.0
0.209;29.4
0.214;29.8
0.219;30.3
0.225;30.9
0.230;31.6
0.235;32.2
0.241;32.8
0.246;33.2
0.251;33.9
0.257;34.6
0.262;35.5
0.267;36.3
0.273;37.2
0.278;38.3
0.283;39.2
0.289;40.1
0.294;41.0
0.299;41.9
0.305;42.7
0.310;43.5
0.316;44.3
0.321;45.1
0.326;45.8
0.332;46.4
0.337;46.9
0.342;47.4
0.348;47.7
0.353;47.9
0.358;47.8
0.364;47.4
0.369;47.0
0.374;46.4
0.380;45.7
0.385;44.8
0.390;43.7
0.396;42.4
0.401;40.8
0.406;39.2
0.412;37.5
0.417;36.0
0.422;34.6
0.428;33.2
0.433;31.6
0.438;30.1
0.444;28.8
0.449;27.6
0.455;26.8
0.460;26.0
0.465;25.3
0.471;24.9
0.476;24.5
0.481;24.2
0.487;23.9
0.492;23.5
0.497;23.5
0.503;23.6
0.508;24.0
0.513;24.8
0.519;25.6
0.524;26.3
0.529;27.0
0.535;27.7
0.540;28.4
0.545;29.2
0.551;30.0
0.556;30.6
0.561;31.4
0.567;32.0
0.572;32.4
0.578;32.8
0.583;32.9
0.588;32.8
0.594;32.5
0.599;32.0
0.604;31.1
0.610;30.0
0.615;28.6
0.620;27.3
0.626;25.7
0.631;24.1
0.636;22.5
0.642;20.9
0.647;19.4
0.652;18.0
0.658;16.8
0.663;15.8
0.668;14.9
0.674;14.1
0.679;13.4
0.684;12.8
0.690;12.4
0.695;12.1
0.701;12.0
0.706;12.0
0.711;12.0
0.717;12.0
0.722;12.0
0.727;12.4
0.733;12.8
0.738;13.2
0.743;13.6
0.749;14.3
0.754;15.1
0.759;15.8
0.765;16.8
0.770;17.9
0.775;19.1
0.781;20.3
0.786;21.5
0.791;22.7
0.797;23.6
0.802;24.1
0.807;24.8
0.813;25.6
0.818;26.7
0.823;27.8
0.829;28.8
0.834;29.2
0.840;29.2
0.845;29.2
0.850;28.8
0.856;28.1
0.861;26.8
0.866;25.2
0.872;23.3
0.877;21.9
0.882;21.2
0.888;21.3
0.893;22.6
0.898;24.4
0.904;26.2
0.909;27.7
0.914;28.9
0.920;30.0
0.925;31.6
0.930;33.6
0.936;36.1
0.941;38.8
0.946;41.2
0.952;42.8
0.957;43.6
0.962;43.9
0.968;43.4
0.973;41.9
0.979;39.5
0.984;36.4
0.989;33.2
0.995;30.4
1.000;28.0
1.005;26.0
1.011;24.8
1.016;24.1
1.021;24.0
1.027;24.6
1.032;25.6
1.037;26.8
1.043;28.0
1.048;29.1
1.053;30.2
1.059;31.0
1.064;31.4
1.069;31.0
1.075;29.8
1.080;28.0
1.085;25.7
1.091;23.0
1.096;20.5
1.101;18.2
1.107;16.4
1.112;14.8
1.118;13.6
1.123;12.8
1.128;12.4
1.134;12.1
1.139;12.1
1.144;12.3
1.150;12.7
1.155;13.3
1.160;14.2
1.166;15.3
1.171;16.7
1.176;18.0
1.182;19.2
1.187;20.4
1.192;21.4
1.198;22.0
1.203;22.0
1.208;20.8
1.214;18.8
1.219;17.2
1.224;17.6
1.230;19.6
1.235;22.3
1.240;24.2
1.246;25.1
1.251;25.6
1.256;26.1
1.262;26.8
1.267;27.6
1.273;28.7
1.278;30.0
1.283;31.5
1.289;33.1
1.294;34.4
1.299;35.7
1.305;36.9
1.310;37.9
1.315;37.8
1.321;36.3
1.326;33.5
1.331;30.4
1.337;27.3
1.342;25.1
1.347;23.9
1.353;23.6
1.358;24.0
1.363;25.1
1.369;26.4
1.374;27.6
1.379;28.2
1.385;28.0
1.390;26.8
1.395;24.8
1.401;22.2
1.406;19.8
1.411;17.5
1.417;15.7
1.422;14.2
1.428;12.9
1.433;12.1
1.438;11.7
1.444;11.6
1.449;12.0
1.454;12.8
1.460;13.6
1.465;14.8
1.470;16.1
1.476;17.6
1.481;18.8
1.486;20.0
1.492;21.2
1.497;22.0
1.502;22.8
1.508;23.2
1.513;23.5
1.518;23.6
1.524;23.7
1.529;24.0
1.534;24.6
1.540;25.4
1.545;26.6
1.550;27.9
1.556;29.3
1.561;30.6
1.566;31.8
1.572;32.9
1.577;33.6
1.582;33.6
1.588;32.5
1.593;30.8
1.599;28.7
1.604;26.2
1.609;24.1
1.615;22.9
1.620;22.8
1.625;23.6
1.631;24.6
1.636;25.8
1.641;26.4
1.647;26.0
1.652;24.4
1.657;22.1
1.663;19.3
1.668;16.5
1.673;14.3
1.679;12.7
1.684;11.8
1.689;11.3
1.695;11.3
1.700;11.8
1.705;12.7
1.711;13.9
1.716;15.1
1.721;16.3
1.727;17.3
1.732;18.1
1.737;18.9
1.743;19.4
1.748;19.8
1.753;20.5
1.759;21.4
1.764;22.5
1.769;23.5
1.775;24.4
1.780;25.6
1.786;26.6
1.791;27.5
1.796;28.3
1.802;29.3
1.807;30.2
1.812;30.6
1.818;30.2
1.823;28.8
1.828;26.6
1.834;24.4
1.839;22.8
1.844;22.3
1.850;22.5
1.855;23.2
1.860;23.6
1.866;24.0
1.871;23.2
1.876;21.5
1.882;18.7
1.887;15.9
1.892;13.6
1.898;12.0
1.903;11.2
1.908;10.8
1.914;11.2
1.919;11.8
1.924;12.8
1.930;14.0
1.935;15.2
1.940;16.4
1.946;17.3
1.951;18.1
1.956;18.8
1.962;19.6
1.967;20.4
1.972;21.2
1.978;22.1
1.983;23.2
1.989;24.5
1.994;25.7
1.999;26.5
2.005;27.2
2.010;27.6
2.015;28.0
2.021;27.8
2.026;27.0
2.031;25.5
2.037;23.6
2.042;22.0
2.047;21.3
2.053;21.6
2.058;22.1
2.063;22.3
2.069;21.6
2.074;19.9
2.079;17.4
2.085;14.7
2.090;12.5
2.095;11.2
2.101;10.4
2.106;10.4
2.111;10.8
2.117;11.6
2.122;12.8
2.127;14.0
2.133;15.1
2.138;16.0
2.143;16.8
2.149;17.4
2.154;18.1
2.159;19.1
2.165;20.3
2.170;21.5
2.175;22.8
2.181;23.9
2.186;24.7
2.191;25.1
2.197;25.2
2.202;25.2
2.207;25.0
2.213;24.3
2.218;23.0
2.223;21.6
2.229;20.4
2.234;20.0
2.240;20.0
2.245;20.0
2.250;19.2
2.256;17.6
2.261;15.3
2.266;12.9
2.272;11.2
2.277;10.2
2.282;9.9
2.288;10.0
2.293;10.8
2.298;11.6
2.304;12.8
2.309;13.9
2.314;14.8
2.320;15.6
2.325;16.4
2.330;17.2
2.336;18.1
2.341;19.3
2.346;20.5
2.352;21.7
2.357;22.5
2.362;22.9
2.368;23.0
2.373;22.9
2.378;22.7
2.384;22.0
2.389;20.8
2.394;19.6
2.400;18.8
2.405;18.4
2.410;18.1
2.416;17.6
2.421;16.3
2.426;14.3
2.432;12.1
2.437;10.4
2.442;9.6
2.448;9.2
2.453;9.6
2.458;10.2
2.464;11.2
2.469;12.1
2.474;13.2
2.480;14.0
2.485;14.8
2.490;15.6
2.496;16.4
2.501;17.5
2.506;18.7
2.512;19.8
2.517;20.5
2.522;20.8
2.528;20.5
2.533;20.1
2.538;19.6
2.544;18.9
2.549;18.4
2.554;17.7
2.560;16.9
2.565;16.4
2.570;15.9
2.576;14.8
2.581;13.2
2.586;11.2
2.592;9.6
2.597;8.8
2.602;8.4
2.608;8.5
2.613;9.2
2.619;10.1
2.624;11.2
2.629;12.2
2.635;13.0
2.640;13.7
2.645;14.5
2.651;15.5
2.656;16.5
2.661;17.5
2.667;18.2
2.672;18.4
2.677;18.4
2.683;18.3
2.688;18.0
2.693;17.6
2.699;16.8
2.704;16.0
2.709;15.2
2.715;14.5
2.720;13.7
2.725;12.4
2.731;10.8
2.736;9.2
2.741;7.9
2.747;7.5
2.752;7.7
2.757;8.3
2.763;9.1
2.768;10.0
2.773;10.9
2.779;11.6
2.784;12.2
2.789;12.9
2.795;13.7
2.800;14.8
2.805;15.8
2.811;16.4
2.816;16.8
2.821;16.4
2.827;16.0
2.832;15.4
2.837;14.5
2.843;13.6
2.848;12.8
2.853;12.0
2.859;11.2
2.864;10.4
2.869;9.4
2.875;8.2
2.880;7.2
2.885;6.8
2.891;6.7
2.896;7.1
2.901;7.6
2.907;8.3
2.912;9.1
2.917;9.9
2.923;10.6
2.928;11.3
2.933;12.1
2.939;12.9
2.944;13.6
2.949;14.0
2.955;14.0
2.960;13.6
2.965;13.2
2.971;12.8
2.976;12.0
2.981;11.5
2.987;10.9
2.992;10.2
2.997;9.3
3.003;8.1
3.008;7.1
3.013;6.3
3.019;5.9
3.024;5.9
3.029;6.3
3.035;6.8
3.040;7.6
3.045;8.4
3.051;9.2
3.056;9.6
3.061;10.0
3.067;10.6
3.072;11.2
3.077;11.6
3.083;11.9
3.088;11.6
3.093;11.1
3.099;10.5
3.104;10.0
3.109;9.3
3.115;8.8
3.120;8.0
3.125;7.2
3.131;6.4
3.136;5.6
3.141;5.1
3.147;4.7
3.152;4.7
3.157;5.1
3.163;5.6
3.168;6.4
3.173;7.1
3.179;7.6
3.184;8.0
3.189;8.4
3.195;8.8
3.200;9.2
3.205;9.4
3.211;9.3
3.216;8.8
3.221;8.4
3.227;7.9
3.232;7.5
3.237;7.2
3.243;6.8
3.248;6.3
3.253;5.5
3.259;4.7
3.264;4.1
3.269;4.0
3.275;4.0
3.280;4.3
3.285;4.7
3.291;5.1
3.296;5.9
3.301;6.4
3.306;6.7
3.312;6.9
3.317;7.2
3.322;7.5
3.328;7.6
3.333;7.6
3.338;7.3
3.344;6.8
3.349;6.4
3.354;6.0
3.360;5.6
3.365;5.2
3.370;4.4
3.376;4.0
3.381;3.6
3.386;3.2
3.392;3.2
3.397;3.2
3.402;3.6
3.408;4.0
3.413;4.4
3.418;4.8
3.424;5.2
3.429;5.6
3.434;5.9
3.440;6.0
3.445;6.0
3.450;6.0
3.456;5.6
3.461;5.2
3.466;5.0
3.472;4.8
3.477;4.4
3.482;4.0
3.488;3.6
3.493;3.2
3.498;2.8
3.504;2.8
3.509;2.8
3.514;2.8
3.520;3.2
3.525;3.6
3.530;3.9
3.536;4.2
3.541;4.4
3.546;4.4
3.552;4.4
3.557;4.6
3.562;4.6
3.568;4.3
3.573;4.0
3.578;3.9
3.584;3.6
3.589;3.6
3.594;3.2
3.600;2.8
3.605;2.5
3.610;2.4
3.616;2.2
3.621;2.2
3.626;2.4
3.632;2.7
3.637;2.9
3.642;3.2
3.647;3.6
3.653;3.6
3.658;3.6
3.663;3.6
3.669;3.6
3.674;3.6
3.679;3.4
3.685;3.1
3.690;2.9
3.695;2.8
3.701;2.7
3.706;2.4
3.711;2.2
3.717;2.0
3.722;2.0
3.727;2.0
3.733;2.0
3.738;2.0
3.743;2.3
3.749;2.5
3.754;2.7
3.759;2.6
3.765;2.6
3.770;2.6
3.775;2.6
3.781;2.5
3.786;2.4
3.791;2.4
3.797;2.4
3.802;2.1
3.807;1.9
3.813;1.6
3.818;1.6
3.823;1.6
3.829;1.6
3.834;1.6
3.839;1.7
3.844;1.8
3.850;1.9
3.855;1.9
3.860;1.9
3.866;1.9
3.871;1.9
3.876;1.8
3.882;1.7
3.887;1.7
3.892;1.6
3.898;1.6
3.903;1.6
3.908;1.5
3.914;1.5
3.919;1.3
3.924;1.3
3.930;1.3
3.935;1.3
3.940;1.3
3.946;1.5
3.951;1.5
3.956;1.6
3.962;1.5
3.967;1.5
3.972;1.5
3.978;1.5
3.983;1.4
3.988;1.4
3.994;1.2
3.999;1.2
4.004;1.2
4.009;1.2
4.015;1.2
4.020;1.2
4.025;1.2
4.031;1.2
4.036;1.2
4.041;1.2
4.047;1.2
4.052;1.2
4.057;1.1
4.063;1.1
4.068;1.1
4.073;1.1
4.079;1.0
4.084;1.0
4.089;0.9
4.095;0.8
4.100;0.8
4.105;0.8
4.111;0.8
4.116;0.8
4.121;0.8
4.127;0.8
4.132;0.8
4.137;0.8
4.143;0.8
4.148;0.8
4.153;0.8
4.158;0.8
4.164;0.8
4.169;0.8
4.174;0.8
4.180;0.8
4.185;0.8
4.190;0.8
4.196;0.8
4.201;0.8
4.206;0.8
4.212;0.8
4.217;0.8
4.222;0.8
4.228;0.8
4.233;0.8
4.238;0.8
4.244;0.8
4.249;0.8
4.254;0.8
4.260;0.8
4.265;0.8
4.270;0.8
4.275;0.8
4.281;0.8
4.286;0.8
4.291;0.8
4.297;0.8
4.302;0.8
4.307;0.8
4.313;0.8
4.318;0.8
4.323;0.8
4.329;0.8
4.334;0.8
4.339;0.8
4.345;0.8
4.350;0.8
4.355;0.8
4.361;0.8
4.366;0.8
4.371;0.8
4.377;0.8
4.382;0.8
4.387;0.8
4.392;0.8
4.398;0.7
4.403;0.7
4.408;0.7
4.414;0.7
4.419;0.7
4.424;0.7
4.430;0.7
4.435;0.7
4.440;0.6
4.446;0.6
4.451;0.6
4.456;0.6
4.462;0.6
4.467;0.6
4.472;0.6
4.478;0.6
4.483;0.5
4.488;0.5
4.493;0.5
4.499;0.5
4.504;0.5
4.509;0.5
4.515;0.5
4.520;0.5
4.525;0.4
4.531;0.4
4.536;0.4
4.541;0.4
4.547;0.4
4.552;0.4
4.557;0.4
4.563;0.4
4.568;0.4
4.573;0.4
4.578;0.4
4.584;0.4
4.589;0.4
4.594;0.4
4.600;0.4
4.605;0.4
4.610;0.4
4.616;0.4
4.621;0.4
4.626;0.4
4.632;0.4
4.637;0.4
4.642;0.4
4.648;0.4
4.653;0.4
4.658;0.4
4.663;0.4
4.669;0.4
4.674;0.4
4.679;0.4
4.685;0.4
4.690;0.4
4.695;0.4
4.701;0.4
4.706;0.4
4.711;0.4
4.717;0.4
4.722;0.4
4.727;0.4
4.733;0.4
4.738;0.4
4.743;0.4
4.748;0.4
4.754;0.4
4.759;0.4
4.764;0.4
4.770;0.4
4.775;0.4
4.780;0.4
4.786;0.4
4.791;0.4
4.796;0.4
4.802;0.4
4.807;0.4
4.812;0.4
4.818;0.4
4.823;0.4
4.828;0.4
4.833;0.4
4.839;0.4
4.844;0.4
4.849;0.4
4.855;0.4
4.860;0.4
4.865;0.4
4.871;0.4
4.876;0.4
4.881;0.4
4.887;0.4
4.892;0.4
4.897;0.4
4.902;0.4
4.908;0.4
4.913;0.4
4.918;0.4
4.924;0.4
4.929;0.4
4.934;0.4
4.940;0.4
4.945;0.4
4.950;0.4
4.956;0.4
4.961;0.4
4.966;0.4
4.971;0.4
4.977;0.4
4.982;0.4
4.987;0.4
4.993;0.4
4.998;0.4
5.003;0.4
5.009;0.4
5.014;0.4
5.019;0.4
5.025;0.4
5.030;0.4
5.035;0.4
5.040;0.4
5.046;0.4
5.051;0.4
5.056;0.4
5.062;0.4
5.067;0.4
5.072;0.4
5.078;0.4
5.083;0.4
5.088;0.4
5.094;0.4
5.099;0.4
5.104;0.4
5.109;0.4
5.115;0.4
5.120;0.4
5.125;0.4
5.131;0.4
5.136;0.4
5.141;0.4
5.147;0.4
5.152;0.4
5.157;0.4
5.162;0.4
5.168;0.4
5.173;0.4
5.178;0.4
5.184;0.4
5.189;0.4
5.194;0.4
5.200;0.4
5.205;0.4
5.210;0.4
5.216;0.4
5.221;0.4
5.226;0.4
5.231;0.4
5.237;0.4
5.242;0.4
5.247;0.4
5.253;0.4
5.258;0.4
5.263;0.4
5.269;0.4
5.274;0.4
5.279;0.4
5.284;0.4
5.290;0.4
5.295;0.4
5.300;0.4
5.306;0.4
5.311;0.4
5.316;0.4
5.322;0.4
5.327;0.4
5.332;0.4
5.337;0.4
5.343;0.4
5.348;0.4
5.353;0.4
5.359;0.4
5.364;0.4
5.369;0.4
5.375;0.4
5.380;0.4
5.385;0.4
5.390;0.4
5.396;0.4
5.401;0.4
5.406;0.4
5.412;0.4
5.417;0.4
5.422;0.4
5.428;0.4
5.433;0.4
5.438;0.4
5.443;0.4
5.449;0.4
5.454;0.4
5.459;0.4
