&a / °	I1 / %
5.459	0.0
5.454	0.0
5.449	0.0
5.443	0.0
5.438	0.0
5.433	0.0
5.428	0.0
5.422	0.0
5.417	0.0
5.412	0.0
5.406	0.0
5.401	0.0
5.396	0.0
5.390	0.0
5.385	0.0
5.380	0.0
5.375	0.0
5.369	0.0
5.364	0.0
5.359	0.0
5.353	0.0
5.348	0.0
5.343	0.0
5.337	0.0
5.332	0.0
5.327	0.0
5.322	0.0
5.316	0.0
5.311	0.0
5.306	0.0
5.300	0.0
5.295	0.0
5.290	0.0
5.284	0.0
5.279	0.0
5.274	0.0
5.269	0.0
5.263	0.0
5.258	0.0
5.253	0.0
5.247	0.0
5.242	0.0
5.237	0.0
5.231	0.0
5.226	0.0
5.221	0.0
5.216	0.0
5.210	0.0
5.205	0.0
5.200	0.0
5.194	0.0
5.189	0.0
5.184	0.0
5.178	0.0
5.173	0.0
5.168	0.0
5.162	0.0
5.157	0.0
5.152	0.0
5.147	0.0
5.141	0.0
5.136	0.0
5.131	0.0
5.125	0.0
5.120	0.0
5.115	0.0
5.109	0.0
5.104	0.0
5.099	0.0
5.094	0.0
5.088	0.0
5.083	0.0
5.078	0.0
5.072	0.0
5.067	0.0
5.062	0.0
5.056	0.0
5.051	0.0
5.046	0.0
5.040	0.0
5.035	0.0
5.030	0.0
5.025	0.0
5.019	0.0
5.014	0.0
5.009	0.0
5.003	0.0
4.998	0.0
4.993	0.0
4.987	0.0
4.982	0.0
4.977	0.0
4.971	0.0
4.966	0.0
4.961	0.0
4.956	0.0
4.950	0.0
4.945	0.0
4.940	0.0
4.934	0.0
4.929	0.0
4.924	0.0
4.918	0.0
4.913	0.0
4.908	0.0
4.902	0.0
4.897	0.0
4.892	0.0
4.887	0.0
4.881	0.0
4.876	0.0
4.871	0.0
4.865	0.0
4.860	0.0
4.855	0.0
4.849	0.0
4.844	0.0
4.839	0.0
4.833	0.0
4.828	0.0
4.823	0.0
4.818	0.0
4.812	0.0
4.807	0.0
4.802	0.0
4.796	0.0
4.791	0.0
4.786	0.0
4.780	0.0
4.775	0.0
4.770	0.0
4.764	0.0
4.759	0.0
4.754	0.0
4.748	0.0
4.743	0.0
4.738	0.0
4.733	0.0
4.727	0.0
4.722	0.0
4.717	0.0
4.711	0.0
4.706	0.0
4.701	0.0
4.695	0.0
4.690	0.0
4.685	0.0
4.679	0.0
4.674	0.0
4.669	0.0
4.663	0.0
4.658	0.0
4.653	0.0
4.648	0.0
4.642	0.0
4.637	0.0
4.632	0.0
4.626	0.0
4.621	0.0
4.616	0.0
4.610	0.0
4.605	0.0
4.600	0.0
4.594	0.0
4.589	0.0
4.584	0.0
4.578	0.0
4.573	0.0
4.568	0.0
4.563	0.0
4.557	0.0
4.552	0.0
4.547	0.0
4.541	0.0
4.536	0.0
4.531	0.0
4.525	0.0
4.520	0.0
4.515	0.0
4.509	0.0
4.504	0.0
4.499	0.0
4.493	0.0
4.488	0.0
4.483	0.0
4.478	0.0
4.472	0.0
4.467	0.0
4.462	0.0
4.456	0.0
4.451	0.0
4.446	0.0
4.440	0.0
4.435	0.0
4.430	0.0
4.424	0.0
4.419	0.0
4.414	0.0
4.408	0.0
4.403	0.0
4.398	0.0
4.392	0.0
4.387	0.0
4.382	0.0
4.377	0.0
4.371	0.0
4.366	0.0
4.361	0.0
4.355	0.0
4.350	0.0
4.345	0.0
4.339	0.0
4.334	0.0
4.329	0.0
4.323	0.0
4.318	0.0
4.313	0.0
4.307	0.0
4.302	0.0
4.297	0.0
4.291	0.0
4.286	0.0
4.281	0.0
4.275	0.0
4.270	0.1
4.265	0.1
4.260	0.1
4.254	0.1
4.249	0.1
4.244	0.1
4.238	0.1
4.233	0.1
4.228	0.1
4.222	0.1
4.217	0.1
4.212	0.1
4.206	0.1
4.201	0.1
4.196	0.1
4.190	0.1
4.185	0.2
4.180	0.3
4.174	0.3
4.169	0.3
4.164	0.3
4.158	0.3
4.153	0.3
4.148	0.3
4.143	0.3
4.137	0.3
4.132	0.3
4.127	0.3
4.121	0.3
4.116	0.3
4.111	0.3
4.105	0.3
4.100	0.3
4.095	0.4
4.089	0.4
4.084	0.4
4.079	0.4
4.073	0.4
4.068	0.4
4.063	0.4
4.057	0.4
4.052	0.4
4.047	0.4
4.041	0.4
4.036	0.4
4.031	0.4
4.025	0.4
4.020	0.4
4.015	0.4
4.009	0.4
4.004	0.4
3.999	0.4
3.994	0.6
3.988	0.8
3.983	0.8
3.978	0.8
3.972	0.8
3.967	0.8
3.962	0.8
3.956	0.7
3.951	0.5
3.946	0.4
3.940	0.4
3.935	0.4
3.930	0.4
3.924	0.4
3.919	0.4
3.914	0.4
3.908	0.4
3.903	0.4
3.898	0.8
3.892	1.1
3.887	1.4
3.882	1.6
3.876	1.6
3.871	1.2
3.866	1.1
3.860	0.9
3.855	0.8
3.850	0.8
3.844	0.7
3.839	0.7
3.834	0.6
3.829	0.5
3.823	0.5
3.818	0.5
3.813	0.5
3.807	0.5
3.802	0.7
3.797	1.0
3.791	1.4
3.786	2.0
3.781	2.4
3.775	2.4
3.770	2.0
3.765	1.6
3.759	1.2
3.754	1.2
3.749	0.8
3.743	0.8
3.738	0.8
3.733	0.8
3.727	0.8
3.722	0.8
3.717	0.8
3.711	0.8
3.706	0.8
3.701	0.8
3.695	1.0
3.690	1.4
3.685	2.0
3.679	2.8
3.674	3.2
3.669	3.2
3.663	2.8
3.658	2.4
3.653	2.0
3.647	1.6
3.642	1.2
3.637	1.2
3.632	0.8
3.626	0.8
3.621	0.8
3.616	0.8
3.610	0.8
3.605	0.8
3.600	0.8
3.594	0.8
3.589	1.2
3.584	1.6
3.578	2.4
3.573	3.2
3.568	4.0
3.562	4.4
3.557	4.2
3.552	3.6
3.546	2.9
3.541	2.4
3.536	1.9
3.530	1.5
3.525	1.2
3.520	1.2
3.514	1.2
3.509	1.2
3.504	1.1
3.498	1.1
3.493	1.1
3.488	1.1
3.482	1.2
3.477	1.6
3.472	2.2
3.466	3.0
3.461	4.0
3.456	5.2
3.450	5.7
3.445	5.6
3.440	4.8
3.434	4.0
3.429	3.1
3.424	2.4
3.418	2.0
3.413	1.6
3.408	1.2
3.402	1.2
3.397	1.2
3.392	1.2
3.386	1.2
3.381	1.2
3.376	1.2
3.370	1.5
3.365	1.7
3.360	2.4
3.354	3.2
3.349	4.4
3.344	5.6
3.338	6.8
3.333	7.2
3.328	6.8
3.322	6.0
3.317	4.8
3.312	3.9
3.306	3.1
3.301	2.4
3.296	2.0
3.291	1.6
3.285	1.5
3.280	1.4
3.275	1.3
3.269	1.3
3.264	1.3
3.259	1.3
3.253	1.6
3.248	2.0
3.243	2.4
3.237	3.2
3.232	4.4
3.227	5.9
3.221	7.2
3.216	8.3
3.211	8.7
3.205	8.0
3.200	6.8
3.195	5.6
3.189	4.4
3.184	3.6
3.179	2.8
3.173	2.4
3.168	2.0
3.163	1.6
3.157	1.6
3.152	1.6
3.147	1.6
3.141	1.6
3.136	1.6
3.131	1.6
3.125	2.0
3.120	2.7
3.115	3.7
3.109	5.3
3.104	7.2
3.099	8.8
3.093	10.0
3.088	10.6
3.083	10.3
3.077	9.2
3.072	7.6
3.067	6.0
3.061	4.8
3.056	3.8
3.051	3.2
3.045	2.4
3.040	2.0
3.035	2.0
3.029	2.0
3.024	2.0
3.019	2.0
3.013	2.0
3.008	2.0
3.003	2.4
2.997	2.8
2.992	3.3
2.987	4.5
2.981	6.3
2.976	8.4
2.971	10.4
2.965	11.6
2.960	12.4
2.955	12.4
2.949	11.6
2.944	10.0
2.939	8.0
2.933	6.3
2.928	5.0
2.923	4.1
2.917	3.3
2.912	2.8
2.907	2.4
2.901	2.1
2.896	2.0
2.891	2.0
2.885	2.0
2.880	2.1
2.875	2.3
2.869	2.5
2.864	2.8
2.859	3.5
2.853	4.6
2.848	6.5
2.843	9.0
2.837	11.5
2.832	13.4
2.827	14.4
2.821	14.4
2.816	14.0
2.811	12.6
2.805	10.7
2.800	8.4
2.795	6.5
2.789	5.2
2.784	4.4
2.779	3.6
2.773	3.2
2.768	2.8
2.763	2.5
2.757	2.3
2.752	2.3
2.747	2.1
2.741	2.2
2.736	2.6
2.731	2.8
2.725	3.2
2.720	3.6
2.715	4.8
2.709	6.5
2.704	9.2
2.699	12.4
2.693	14.8
2.688	16.0
2.683	16.4
2.677	16.3
2.672	15.3
2.667	13.6
2.661	11.4
2.656	9.1
2.651	7.1
2.645	5.6
2.640	4.4
2.635	3.6
2.629	3.2
2.624	2.8
2.619	2.6
2.613	2.6
2.608	2.5
2.602	2.5
2.597	2.5
2.592	2.5
2.586	2.8
2.581	3.1
2.576	3.5
2.570	4.3
2.565	5.5
2.560	7.6
2.554	10.4
2.549	13.6
2.544	16.0
2.538	17.6
2.533	18.4
2.528	18.4
2.522	17.6
2.517	15.7
2.512	13.2
2.506	10.8
2.501	8.4
2.496	6.6
2.490	5.2
2.485	4.4
2.480	3.6
2.474	3.2
2.469	2.8
2.464	2.8
2.458	2.8
2.453	2.8
2.448	2.8
2.442	2.8
2.437	2.8
2.432	2.8
2.426	3.1
2.421	3.5
2.416	3.9
2.410	5.0
2.405	6.5
2.400	9.1
2.394	12.8
2.389	16.6
2.384	19.4
2.378	21.0
2.373	21.3
2.368	20.7
2.362	19.2
2.357	17.2
2.352	14.8
2.346	12.1
2.341	9.6
2.336	7.6
2.330	6.0
2.325	4.9
2.320	4.1
2.314	3.6
2.309	3.2
2.304	3.1
2.298	2.8
2.293	2.8
2.288	2.8
2.282	2.8
2.277	2.8
2.272	2.8
2.266	2.8
2.261	3.2
2.256	3.6
2.250	4.0
2.245	4.8
2.240	6.0
2.234	7.7
2.229	10.6
2.223	14.6
2.218	18.8
2.213	22.0
2.207	23.6
2.202	24.0
2.197	23.2
2.191	21.6
2.186	19.3
2.181	16.8
2.175	14.0
2.170	11.3
2.165	9.0
2.159	7.2
2.154	5.7
2.149	4.8
2.143	4.3
2.138	3.8
2.133	3.5
2.127	3.2
2.122	3.2
2.117	2.9
2.111	2.9
2.106	2.8
2.101	2.8
2.095	2.8
2.090	3.0
2.085	3.2
2.079	3.5
2.074	3.7
2.069	4.1
2.063	4.8
2.058	5.9
2.053	7.5
2.047	9.9
2.042	13.2
2.037	17.6
2.031	22.0
2.026	25.2
2.021	26.8
2.015	26.8
2.010	25.6
2.005	23.7
1.999	21.3
1.994	18.5
1.989	15.5
1.983	12.7
1.978	10.2
1.972	8.2
1.967	6.7
1.962	5.5
1.956	4.8
1.951	4.4
1.946	4.0
1.940	3.6
1.935	3.3
1.930	3.2
1.924	3.2
1.919	3.2
1.914	3.2
1.908	3.2
1.903	3.2
1.898	3.2
1.892	3.2
1.887	3.4
1.882	3.6
1.876	4.0
1.871	4.0
1.866	4.7
1.860	5.5
1.855	6.6
1.850	8.2
1.844	10.6
1.839	13.8
1.834	18.2
1.828	22.8
1.823	26.8
1.818	29.2
1.812	29.9
1.807	29.0
1.802	27.0
1.796	24.6
1.791	21.8
1.786	18.9
1.780	15.8
1.775	13.0
1.769	10.6
1.764	8.6
1.759	7.0
1.753	5.7
1.748	4.9
1.743	4.5
1.737	4.1
1.732	3.9
1.727	3.7
1.721	3.5
1.716	3.4
1.711	3.2
1.705	3.2
1.700	3.2
1.695	3.2
1.689	3.2
1.684	3.2
1.679	3.2
1.673	3.3
1.668	3.5
1.663	3.6
1.657	3.7
1.652	4.0
1.647	4.4
1.641	4.8
1.636	5.6
1.631	6.4
1.625	7.6
1.620	9.4
1.615	12.0
1.609	15.6
1.604	20.0
1.599	24.7
1.593	28.7
1.588	31.7
1.582	33.2
1.577	33.3
1.572	32.0
1.566	29.6
1.561	26.6
1.556	23.4
1.550	20.1
1.545	16.8
1.540	13.8
1.534	11.6
1.529	9.6
1.524	8.1
1.518	6.9
1.513	6.0
1.508	5.3
1.502	4.8
1.497	4.4
1.492	4.2
1.486	4.0
1.481	4.0
1.476	3.8
1.470	3.6
1.465	3.6
1.460	3.5
1.454	3.4
1.449	3.4
1.444	3.3
1.438	3.3
1.433	3.3
1.428	3.4
1.422	3.4
1.417	3.5
1.411	3.5
1.406	3.6
1.401	3.6
1.395	4.0
1.390	4.1
1.385	4.6
1.379	5.2
1.374	5.9
1.369	6.7
1.363	7.5
1.358	8.8
1.353	10.5
1.347	12.9
1.342	16.1
1.337	20.3
1.331	25.1
1.326	30.1
1.321	34.4
1.315	36.8
1.310	37.6
1.305	36.8
1.299	35.3
1.294	33.4
1.289	31.0
1.283	28.0
1.278	24.8
1.273	21.5
1.267	18.4
1.262	15.6
1.256	13.2
1.251	11.1
1.246	9.2
1.240	7.6
1.235	6.3
1.230	5.1
1.224	4.4
1.219	4.0
1.214	4.0
1.208	4.0
1.203	4.0
1.198	4.0
1.192	4.0
1.187	4.0
1.182	4.0
1.176	4.0
1.171	3.9
1.166	3.8
1.160	3.7
1.155	3.6
1.150	3.6
1.144	3.6
1.139	3.6
1.134	3.6
1.128	3.6
1.123	3.6
1.118	3.6
1.112	3.6
1.107	3.6
1.101	3.6
1.096	3.8
1.091	4.0
1.085	4.0
1.080	4.0
1.075	4.3
1.069	4.5
1.064	4.9
1.059	5.2
1.053	5.6
1.048	6.0
1.043	6.6
1.037	7.2
1.032	8.0
1.027	9.1
1.021	10.4
1.016	11.9
1.011	14.0
1.005	16.4
1.000	19.6
0.995	23.5
0.989	27.8
0.984	32.3
0.979	36.7
0.973	40.1
0.968	42.6
0.962	43.9
0.957	44.1
0.952	43.2
0.946	41.2
0.941	38.3
0.936	34.9
0.930	31.7
0.925	28.9
0.920	26.1
0.914	23.3
0.909	20.3
0.904	17.5
0.898	14.8
0.893	12.8
0.888	11.2
0.882	10.0
0.877	9.2
0.872	8.7
0.866	8.1
0.861	7.7
0.856	7.2
0.850	6.8
0.845	6.4
0.840	6.0
0.834	5.6
0.829	5.4
0.823	5.0
0.818	4.7
0.813	4.4
0.807	4.4
0.802	4.4
0.797	4.4
0.791	4.4
0.786	4.4
0.781	4.0
0.775	4.0
0.770	4.0
0.765	4.0
0.759	4.0
0.754	4.0
0.749	4.0
0.743	4.0
0.738	3.9
0.733	3.8
0.727	3.7
0.722	3.6
0.717	3.6
0.711	3.6
0.706	3.6
0.701	3.6
0.695	3.6
0.690	3.6
0.684	3.6
0.679	3.6
0.674	3.6
0.668	3.6
0.663	3.6
0.658	3.6
0.652	3.6
0.647	3.8
0.642	3.9
0.636	4.0
0.631	4.0
0.626	4.0
0.620	4.0
0.615	4.0
0.610	4.0
0.604	4.3
0.599	4.4
0.594	4.7
0.588	4.8
0.583	5.0
0.578	5.1
0.572	5.3
0.567	5.6
0.561	5.7
0.556	6.0
0.551	6.2
0.545	6.4
0.540	6.8
0.535	7.2
0.529	7.5
0.524	7.8
0.519	8.2
0.513	8.6
0.508	8.9
0.503	9.2
0.497	9.7
0.492	10.5
0.487	11.3
0.481	12.2
0.476	13.1
0.471	14.2
0.465	15.3
0.460	16.4
0.455	17.7
0.449	19.1
0.444	20.7
0.438	22.5
0.433	24.5
0.428	26.5
0.422	28.5
0.417	30.4
0.412	32.5
0.406	34.8
0.401	37.1
0.396	39.2
0.390	41.0
0.385	42.7
0.380	44.2
0.374	45.4
0.369	46.5
0.364	47.5
0.358	48.2
0.353	48.6
0.348	48.7
0.342	48.7
0.337	48.4
0.332	48.0
0.326	47.5
0.321	46.8
0.316	46.0
0.310	45.2
0.305	44.3
0.299	43.3
0.294	42.3
0.289	41.2
0.283	40.0
0.278	38.9
0.273	37.7
0.267	36.5
0.262	35.6
0.257	34.5
0.251	33.6
0.246	32.8
0.241	32.0
0.235	31.0
0.230	30.2
0.225	29.3
0.219	28.4
0.214	27.6
0.209	26.8
0.203	26.1
0.198	25.5
0.193	24.8
0.187	24.0
0.182	23.6
0.176	23.1
0.171	22.5
0.166	21.9
0.160	21.4
0.155	20.8
0.150	20.4
0.144	20.1
0.139	19.7
0.134	19.5
0.128	19.2
0.123	18.9
0.118	18.6
0.112	18.4
0.107	18.0
0.102	17.8
0.096	17.4
0.091	17.2
0.086	17.2
0.080	17.2
0.075	17.0
0.070	16.8
0.064	16.7
0.059	16.6
0.053	16.5
0.048	16.4
0.043	16.4
0.037	16.4
0.032	16.4
0.027	16.4
0.021	16.4
0.016	16.4
0.011	16.4
0.005	16.4
0.000	16.6
-0.005	16.5
-0.011	16.5
-0.016	16.5
-0.021	16.5
-0.027	16.5
-0.032	16.4
-0.037	16.4
-0.043	16.5
-0.048	16.8
-0.053	16.8
-0.059	17.0
-0.064	17.3
-0.070	17.6
-0.075	18.0
-0.080	18.4
-0.086	18.7
-0.091	18.8
-0.096	18.9
-0.102	18.9
-0.107	19.2
-0.112	19.6
-0.118	20.1
-0.123	20.8
-0.128	21.5
-0.134	21.9
-0.139	22.3
-0.144	22.7
-0.150	23.1
-0.155	23.6
-0.160	24.3
-0.166	24.8
-0.171	25.2
-0.176	25.7
-0.182	26.4
-0.187	27.4
-0.193	28.4
-0.198	29.2
-0.203	30.1
-0.209	31.0
-0.214	31.9
-0.219	32.8
-0.225	33.7
-0.230	34.7
-0.235	35.5
-0.241	36.3
-0.246	37.1
-0.251	37.8
-0.257	38.7
-0.262	39.6
-0.267	39.8
-0.273	39.7
-0.278	39.7
-0.283	40.8
-0.289	42.7
-0.294	44.5
-0.299	45.9
-0.305	46.7
-0.310	47.1
-0.316	47.2
-0.321	47.2
-0.326	46.8
-0.332	46.4
-0.337	45.7
-0.342	44.8
-0.348	43.6
-0.353	42.2
-0.358	40.5
-0.364	38.8
-0.369	36.8
-0.374	34.8
-0.380	32.8
-0.385	30.7
-0.390	28.4
-0.396	26.3
-0.401	24.3
-0.406	22.4
-0.412	20.8
-0.417	19.2
-0.422	17.8
-0.428	16.5
-0.433	15.3
-0.438	14.1
-0.444	13.2
-0.449	12.4
-0.455	11.6
-0.460	10.8
-0.465	10.2
-0.471	9.6
-0.476	9.2
-0.481	8.8
-0.487	8.3
-0.492	7.9
-0.497	7.5
-0.503	7.1
-0.508	6.8
-0.513	6.4
-0.519	6.3
-0.524	6.0
-0.529	5.9
-0.535	5.6
-0.540	5.5
-0.545	5.2
-0.551	5.0
-0.556	4.7
-0.561	4.5
-0.567	4.4
-0.572	4.4
-0.578	4.4
-0.583	4.4
-0.588	4.2
-0.594	4.2
-0.599	4.0
-0.604	4.0
-0.610	4.0
-0.615	4.0
-0.620	4.0
-0.626	4.0
-0.631	4.0
-0.636	4.0
-0.642	4.0
-0.647	4.0
-0.652	4.0
-0.658	4.0
-0.663	3.9
-0.668	3.9
-0.674	3.9
-0.679	3.9
-0.684	3.8
-0.690	3.7
-0.695	3.7
-0.701	3.7
-0.706	3.6
-0.711	3.6
-0.717	3.6
-0.722	3.6
-0.727	3.6
-0.733	3.6
-0.738	3.6
-0.743	3.6
-0.749	3.7
-0.754	4.0
-0.759	4.0
-0.765	4.0
-0.770	4.0
-0.775	4.4
-0.781	4.7
-0.786	4.9
-0.791	5.2
-0.797	5.6
-0.802	5.7
-0.807	6.0
-0.813	6.4
-0.818	6.8
-0.823	7.2
-0.829	7.8
-0.834	8.6
-0.840	9.4
-0.845	10.2
-0.850	11.4
-0.856	12.5
-0.861	14.0
-0.866	15.5
-0.872	17.2
-0.877	19.1
-0.882	21.2
-0.888	23.6
-0.893	26.4
-0.898	29.1
-0.904	32.0
-0.909	34.8
-0.914	37.4
-0.920	39.6
-0.925	40.8
-0.930	40.9
-0.936	39.7
-0.941	37.4
-0.946	34.4
-0.952	30.7
-0.957	26.8
-0.962	23.1
-0.968	19.8
-0.973	16.8
-0.979	14.4
-0.984	12.4
-0.989	10.8
-0.995	9.5
-1.000	8.4
-1.005	7.6
-1.011	6.8
-1.016	6.3
-1.021	5.8
-1.027	5.3
-1.032	4.8
-1.037	4.4
-1.043	4.4
-1.048	4.1
-1.053	4.0
-1.059	4.0
-1.064	3.9
-1.069	3.7
-1.075	3.6
-1.080	3.6
-1.085	3.6
-1.091	3.6
-1.096	3.5
-1.101	3.5
-1.107	3.5
-1.112	3.5
-1.118	3.6
-1.123	3.6
-1.128	3.6
-1.134	3.6
-1.139	3.6
-1.144	3.6
-1.150	3.6
-1.155	3.7
-1.160	4.0
-1.166	4.0
-1.171	4.4
-1.176	4.8
-1.182	5.2
-1.187	5.6
-1.192	6.1
-1.198	6.8
-1.203	7.6
-1.208	8.4
-1.214	9.6
-1.219	10.8
-1.224	12.4
-1.230	14.0
-1.235	16.0
-1.240	18.4
-1.246	21.0
-1.251	24.0
-1.256	27.2
-1.262	30.4
-1.267	33.2
-1.273	35.4
-1.278	36.2
-1.283	35.3
-1.289	32.6
-1.294	28.8
-1.299	24.4
-1.305	20.1
-1.310	16.5
-1.315	13.5
-1.321	11.2
-1.326	9.2
-1.331	8.0
-1.337	6.8
-1.342	6.1
-1.347	5.5
-1.353	4.9
-1.358	4.5
-1.363	4.4
-1.369	4.0
-1.374	4.0
-1.379	3.8
-1.385	3.7
-1.390	3.6
-1.395	3.6
-1.401	3.5
-1.406	3.5
-1.411	3.5
-1.417	3.5
-1.422	3.5
-1.428	3.4
-1.433	3.4
-1.438	3.5
-1.444	3.6
-1.449	3.6
-1.454	3.7
-1.460	4.0
-1.465	4.2
-1.470	4.6
-1.476	5.2
-1.481	6.0
-1.486	6.8
-1.492	7.8
-1.497	9.0
-1.502	10.4
-1.508	12.0
-1.513	14.0
-1.518	16.4
-1.524	19.2
-1.529	22.2
-1.534	25.4
-1.540	28.5
-1.545	31.0
-1.550	32.3
-1.556	31.7
-1.561	29.0
-1.566	24.9
-1.572	20.4
-1.577	16.4
-1.582	13.0
-1.588	10.5
-1.593	8.5
-1.599	7.2
-1.604	6.0
-1.609	5.2
-1.615	4.8
-1.620	4.4
-1.625	4.0
-1.631	3.9
-1.636	3.6
-1.641	3.6
-1.647	3.4
-1.652	3.3
-1.657	3.2
-1.663	3.2
-1.668	3.2
-1.673	3.3
-1.679	3.3
-1.684	3.3
-1.689	3.4
-1.695	3.6
-1.700	3.7
-1.705	4.0
-1.711	4.3
-1.716	4.8
-1.721	5.3
-1.727	6.1
-1.732	7.2
-1.737	8.8
-1.743	10.4
-1.748	12.4
-1.753	14.9
-1.759	17.8
-1.764	20.6
-1.769	23.5
-1.775	26.0
-1.780	27.7
-1.786	27.6
-1.791	25.3
-1.796	21.6
-1.802	17.6
-1.807	14.0
-1.812	11.2
-1.818	8.9
-1.823	7.2
-1.828	6.0
-1.834	5.2
-1.839	4.6
-1.844	4.2
-1.850	3.8
-1.855	3.6
-1.860	3.4
-1.866	3.2
-1.871	3.2
-1.876	3.2
-1.882	3.2
-1.887	3.2
-1.892	3.2
-1.898	3.2
-1.903	3.2
-1.908	3.5
-1.914	3.6
-1.919	4.0
-1.924	4.3
-1.930	4.8
-1.935	5.6
-1.940	6.5
-1.946	7.8
-1.951	9.4
-1.956	11.5
-1.962	14.0
-1.967	16.8
-1.972	20.0
-1.978	22.7
-1.983	24.7
-1.989	25.3
-1.994	24.1
-1.999	21.0
-2.005	17.0
-2.010	13.2
-2.015	10.2
-2.021	7.9
-2.026	6.1
-2.031	4.9
-2.037	4.2
-2.042	3.6
-2.047	3.2
-2.053	3.0
-2.058	2.9
-2.063	2.8
-2.069	2.8
-2.074	2.8
-2.079	2.8
-2.085	2.8
-2.090	2.8
-2.095	2.8
-2.101	3.1
-2.106	3.3
-2.111	3.6
-2.117	4.0
-2.122	4.6
-2.127	5.3
-2.133	6.4
-2.138	7.7
-2.143	9.6
-2.149	11.9
-2.154	14.6
-2.159	17.4
-2.165	20.0
-2.170	21.6
-2.175	22.0
-2.181	20.6
-2.186	17.6
-2.191	14.0
-2.197	10.8
-2.202	8.4
-2.207	6.4
-2.213	5.2
-2.218	4.4
-2.223	3.8
-2.229	3.4
-2.234	3.0
-2.240	2.8
-2.245	2.8
-2.250	2.8
-2.256	2.8
-2.261	2.8
-2.266	2.8
-2.272	2.8
-2.277	2.8
-2.282	2.8
-2.288	3.2
-2.293	3.6
-2.298	4.0
-2.304	4.8
-2.309	5.8
-2.314	7.2
-2.320	8.9
-2.325	11.3
-2.330	14.0
-2.336	16.4
-2.341	18.2
-2.346	18.8
-2.352	17.6
-2.357	14.9
-2.362	11.8
-2.368	9.1
-2.373	6.8
-2.378	5.2
-2.384	4.4
-2.389	3.6
-2.394	3.2
-2.400	2.8
-2.405	2.4
-2.410	2.4
-2.416	2.1
-2.421	2.1
-2.426	2.1
-2.432	2.2
-2.437	2.3
-2.442	2.4
-2.448	2.6
-2.453	2.9
-2.458	3.3
-2.464	3.7
-2.469	4.5
-2.474	5.7
-2.480	7.2
-2.485	9.2
-2.490	11.5
-2.496	13.9
-2.501	15.3
-2.506	15.7
-2.512	14.6
-2.517	12.4
-2.522	9.9
-2.528	7.5
-2.533	5.9
-2.538	4.7
-2.544	3.9
-2.549	3.2
-2.554	2.8
-2.560	2.6
-2.565	2.3
-2.570	2.2
-2.576	2.0
-2.581	2.0
-2.586	2.0
-2.592	2.1
-2.597	2.3
-2.602	2.4
-2.608	2.8
-2.613	3.2
-2.619	3.6
-2.624	4.4
-2.629	5.2
-2.635	6.8
-2.640	8.8
-2.645	11.0
-2.651	12.8
-2.656	13.6
-2.661	12.9
-2.667	10.9
-2.672	8.5
-2.677	6.4
-2.683	4.8
-2.688	3.8
-2.693	3.1
-2.699	2.6
-2.704	2.2
-2.709	2.0
-2.715	1.9
-2.720	1.9
-2.725	1.9
-2.731	1.9
-2.736	2.0
-2.741	2.0
-2.747	2.0
-2.752	2.4
-2.757	2.6
-2.763	3.0
-2.768	3.5
-2.773	4.3
-2.779	5.5
-2.784	7.1
-2.789	8.8
-2.795	10.4
-2.800	10.8
-2.805	10.0
-2.811	8.0
-2.816	6.0
-2.821	4.5
-2.827	3.6
-2.832	2.8
-2.837	2.4
-2.843	2.0
-2.848	1.6
-2.853	1.6
-2.859	1.5
-2.864	1.3
-2.869	1.3
-2.875	1.3
-2.880	1.3
-2.885	1.4
-2.891	1.6
-2.896	1.9
-2.901	2.3
-2.907	2.8
-2.912	3.6
-2.917	4.4
-2.923	5.7
-2.928	7.3
-2.933	8.4
-2.939	8.2
-2.944	7.0
-2.949	5.4
-2.955	4.3
-2.960	3.1
-2.965	2.4
-2.971	1.9
-2.976	1.5
-2.981	1.2
-2.987	1.2
-2.992	1.2
-2.997	1.2
-3.003	1.2
-3.008	1.2
-3.013	1.2
-3.019	1.2
-3.024	1.2
-3.029	1.6
-3.035	1.9
-3.040	2.4
-3.045	2.8
-3.051	3.6
-3.056	4.8
-3.061	6.0
-3.067	6.4
-3.072	5.6
-3.077	4.4
-3.083	3.3
-3.088	2.5
-3.093	1.9
-3.099	1.5
-3.104	1.2
-3.109	0.9
-3.115	0.8
-3.120	0.8
-3.125	0.8
-3.131	0.8
-3.136	0.8
-3.141	0.8
-3.147	0.8
-3.152	0.8
-3.157	1.2
-3.163	1.5
-3.168	1.9
-3.173	2.4
-3.179	3.2
-3.184	3.8
-3.189	4.3
-3.195	4.1
-3.200	3.4
-3.205	2.6
-3.211	1.9
-3.216	1.5
-3.221	1.2
-3.227	0.8
-3.232	0.8
-3.237	0.8
-3.243	0.8
-3.248	0.8
-3.253	0.8
-3.259	0.7
-3.264	0.7
-3.269	0.7
-3.275	0.7
-3.280	0.7
-3.285	0.8
-3.291	1.0
-3.296	1.4
-3.301	2.0
-3.306	2.4
-3.312	2.8
-3.317	2.6
-3.322	2.0
-3.328	1.6
-3.333	1.2
-3.338	0.8
-3.344	0.8
-3.349	0.7
-3.354	0.5
-3.360	0.5
-3.365	0.4
-3.370	0.4
-3.376	0.4
-3.381	0.4
-3.386	0.4
-3.392	0.4
-3.397	0.4
-3.402	0.6
-3.408	0.8
-3.413	1.2
-3.418	1.6
-3.424	1.8
-3.429	1.8
-3.434	1.6
-3.440	1.2
-3.445	0.8
-3.450	0.7
-3.456	0.6
-3.461	0.4
-3.466	0.4
-3.472	0.4
-3.477	0.4
-3.482	0.4
-3.488	0.4
-3.493	0.4
-3.498	0.4
-3.504	0.4
-3.509	0.4
-3.514	0.4
-3.520	0.4
-3.525	0.6
-3.530	0.8
-3.536	0.9
-3.541	0.9
-3.546	0.8
-3.552	0.8
-3.557	0.5
-3.562	0.4
-3.568	0.4
-3.573	0.4
-3.578	0.4
-3.584	0.4
-3.589	0.4
-3.594	0.4
-3.600	0.4
-3.605	0.4
-3.610	0.4
-3.616	0.4
-3.621	0.4
-3.626	0.4
-3.632	0.4
-3.637	0.4
-3.642	0.4
-3.647	0.4
-3.653	0.4
-3.658	0.4
-3.663	0.4
-3.669	0.4
-3.674	0.4
-3.679	0.4
-3.685	0.4
-3.690	0.4
-3.695	0.4
-3.701	0.4
-3.706	0.4
-3.711	0.4
-3.717	0.4
-3.722	0.4
-3.727	0.4
-3.733	0.4
-3.738	0.4
-3.743	0.4
-3.749	0.4
-3.754	0.4
-3.759	0.4
-3.765	0.4
-3.770	0.4
-3.775	0.4
-3.781	0.4
-3.786	0.4
-3.791	0.4
-3.797	0.4
-3.802	0.4
-3.807	0.4
-3.813	0.3
-3.818	0.3
-3.823	0.3
-3.829	0.3
-3.834	0.3
-3.839	0.3
-3.844	0.3
-3.850	0.3
-3.855	0.3
-3.860	0.3
-3.866	0.3
-3.871	0.3
-3.876	0.3
-3.882	0.3
-3.887	0.3
-3.892	0.3
-3.898	0.3
-3.903	0.3
-3.908	0.3
-3.914	0.3
-3.919	0.2
-3.924	0.2
-3.930	0.2
-3.935	0.2
-3.940	0.2
-3.946	0.2
-3.951	0.2
-3.956	0.2
-3.962	0.2
-3.967	0.2
-3.972	0.2
-3.978	0.2
-3.983	0.2
-3.988	0.2
-3.994	0.1
-3.999	0.1
-4.004	0.1
-4.009	0.1
-4.015	0.1
-4.020	0.1
-4.025	0.1
-4.031	0.1
-4.036	0.1
-4.041	0.1
-4.047	0.1
-4.052	0.1
-4.057	0.1
-4.063	0.1
-4.068	0.1
-4.073	0.1
-4.079	0.1
-4.084	0.1
-4.089	0.1
-4.095	0.1
-4.100	0.1
-4.105	0.1
-4.111	0.1
-4.116	0.1
-4.121	0.0
-4.127	0.0
-4.132	0.0
-4.137	0.1
-4.143	0.0
-4.148	0.0
-4.153	0.0
-4.158	0.0
-4.164	0.0
-4.169	0.0
-4.174	0.0
-4.180	0.0
-4.185	0.0
-4.190	0.0
-4.196	0.0
-4.201	0.0
-4.206	0.0
-4.212	0.0
-4.217	0.0
-4.222	0.0
-4.228	0.0
-4.233	0.0
-4.238	0.0
-4.244	0.0
-4.249	0.0
-4.254	0.0
-4.260	0.0
-4.265	0.0
-4.270	0.0
-4.275	0.0
-4.281	0.0
-4.286	0.0
-4.291	0.0
-4.297	0.0
-4.302	0.0
-4.307	0.0
-4.313	0.0
-4.318	0.0
-4.323	0.0
-4.329	0.0
-4.334	0.0
-4.339	0.0
-4.345	0.0
-4.350	0.0
-4.355	0.0
-4.361	0.0
-4.366	0.0
-4.371	0.0
-4.377	0.0
-4.382	0.0
-4.387	0.0
-4.392	0.0
-4.398	0.0
-4.403	0.0
-4.408	0.0
-4.414	0.0
-4.419	0.0
-4.424	0.0
-4.430	0.0
-4.435	0.0
-4.440	0.0
-4.446	0.0
-4.451	0.0
-4.456	0.0
-4.462	0.0
-4.467	0.0
-4.472	0.0
-4.478	0.0
-4.483	0.0
-4.488	0.0
-4.493	0.0
-4.499	0.0
-4.504	0.0
-4.509	0.0
-4.515	0.0
-4.520	0.0
-4.525	0.0
-4.531	0.0
-4.536	0.0
-4.541	0.0
-4.547	0.0
-4.552	0.0
-4.557	0.0
-4.563	0.0
-4.568	0.0
-4.573	0.0
-4.578	0.0
-4.584	0.0
-4.589	0.0
-4.594	0.0
-4.600	0.0
-4.605	0.0
-4.610	0.0
-4.616	0.0
-4.621	0.0
-4.626	0.0
-4.632	0.0
-4.637	0.0
-4.642	0.0
-4.648	0.0
-4.653	0.0
-4.658	0.0
-4.663	0.0
-4.669	0.0
-4.674	0.0
-4.679	0.0
-4.685	0.0
-4.690	0.0
-4.695	0.0
-4.701	0.0
-4.706	0.0
-4.711	0.0
-4.717	0.0
-4.722	0.0
-4.727	0.0
-4.733	0.0
-4.738	0.0
-4.743	0.0
-4.748	0.0
-4.754	0.0
-4.759	0.0
-4.764	0.0
-4.770	0.0
-4.775	0.0
-4.780	0.0
-4.786	0.0
-4.791	0.0
-4.796	0.0
-4.802	0.0
-4.807	0.0
-4.812	0.0
-4.818	0.0
-4.823	0.0
-4.828	0.0
-4.833	0.0
-4.839	0.0
-4.844	0.0
-4.849	0.0
-4.855	0.0
-4.860	0.0
-4.865	0.0
-4.871	0.0
-4.876	0.0
-4.881	0.0
-4.887	0.0
-4.892	0.0
-4.897	0.0
-4.902	0.0
-4.908	0.0
-4.913	0.0
-4.918	0.0
-4.924	0.0
-4.929	0.0
-4.934	0.0
-4.940	0.0
-4.945	0.0
-4.950	0.0
-4.956	0.0
-4.961	0.0
-4.966	0.0
-4.971	0.0
-4.977	0.0
-4.982	0.0
-4.987	0.0
-4.993	0.0
-4.998	0.0
-5.003	0.0
-5.009	0.0
-5.014	0.0
-5.019	0.0
-5.025	0.0
-5.030	0.0
-5.035	0.0
-5.040	0.0
-5.046	0.0
-5.051	0.0
-5.056	0.0
-5.062	0.0
-5.067	0.0
-5.072	0.0
-5.078	0.0
-5.083	0.0
-5.088	0.0
-5.094	0.0
-5.099	0.0
-5.104	0.0
-5.109	0.0
-5.115	0.0
-5.120	0.0
-5.125	0.0
-5.131	0.0
-5.136	0.0
-5.141	0.0
-5.147	0.0
-5.152	0.0
-5.157	0.0
-5.162	0.0
-5.168	0.0
-5.173	0.0
-5.178	0.0
-5.184	0.0
-5.189	0.0
-5.194	0.0
-5.200	0.0
-5.205	0.0
-5.210	0.0
-5.216	0.0
-5.221	0.0
-5.226	0.0
-5.231	0.0
-5.237	0.0
-5.242	0.0
-5.247	0.0
-5.253	0.0
-5.258	0.0
-5.263	0.0
-5.269	0.0
-5.274	0.0
-5.279	0.0
-5.284	0.0
-5.290	0.0
-5.295	0.0
-5.300	0.0
-5.306	0.0
-5.311	0.0
-5.316	0.0
-5.322	0.0
-5.327	0.0
-5.332	0.0
-5.337	0.0
-5.343	0.0
-5.348	0.0
-5.353	0.0
-5.359	0.0
-5.364	0.0
-5.369	0.0
-5.375	0.0
-5.380	0.0
-5.385	0.0
-5.390	0.0
-5.396	0.0
-5.401	0.0
-5.406	0.0
-5.412	0.0
-5.417	0.0
-5.422	0.0
-5.428	0.0
-5.433	0.0
-5.438	0.0
-5.443	0.0
-5.449	0.0
-5.454	0.0
