&a / °	I1 / %
5.459	0.2
5.454	0.2
5.449	0.2
5.443	0.2
5.438	0.2
5.433	0.1
5.428	0.1
5.422	0.1
5.417	0.1
5.412	0.1
5.406	0.1
5.401	0.1
5.396	0.1
5.390	0.1
5.385	0.1
5.380	0.1
5.375	0.1
5.369	0.1
5.364	0.1
5.359	0.1
5.353	0.1
5.348	0.1
5.343	0.1
5.337	0.1
5.332	0.1
5.327	0.1
5.322	0.0
5.316	0.0
5.311	0.0
5.306	0.0
5.300	0.0
5.295	0.0
5.290	0.0
5.284	0.0
5.279	0.0
5.274	0.0
5.269	0.0
5.263	0.0
5.258	0.0
5.253	0.0
5.247	0.0
5.242	0.0
5.237	0.0
5.231	0.0
5.226	0.0
5.221	0.0
5.216	0.0
5.210	0.0
5.205	0.0
5.200	0.0
5.194	0.0
5.189	0.0
5.184	0.0
5.178	0.0
5.173	0.0
5.168	0.0
5.162	0.0
5.157	0.0
5.152	0.0
5.147	0.0
5.141	0.0
5.136	0.0
5.131	0.0
5.125	0.0
5.120	0.0
5.115	0.0
5.109	0.0
5.104	0.0
5.099	0.0
5.094	0.0
5.088	0.0
5.083	0.0
5.078	0.0
5.072	0.0
5.067	0.0
5.062	0.0
5.056	0.0
5.051	0.0
5.046	0.0
5.040	0.0
5.035	0.0
5.030	0.0
5.025	0.0
5.019	0.0
5.014	0.0
5.009	0.0
5.003	0.0
4.998	0.0
4.993	0.0
4.987	0.0
4.982	0.0
4.977	0.0
4.971	0.0
4.966	0.0
4.961	0.0
4.956	0.0
4.950	0.0
4.945	0.0
4.940	0.1
4.934	0.1
4.929	0.1
4.924	0.1
4.918	0.1
4.913	0.1
4.908	0.1
4.902	0.1
4.897	0.1
4.892	0.1
4.887	0.1
4.881	0.1
4.876	0.1
4.871	0.1
4.865	0.1
4.860	0.1
4.855	0.1
4.849	0.1
4.844	0.1
4.839	0.1
4.833	0.1
4.828	0.1
4.823	0.1
4.818	0.1
4.812	0.1
4.807	0.1
4.802	0.1
4.796	0.1
4.791	0.1
4.786	0.1
4.780	0.1
4.775	0.1
4.770	0.1
4.764	0.1
4.759	0.1
4.754	0.1
4.748	0.1
4.743	0.1
4.738	0.1
4.733	0.1
4.727	0.1
4.722	0.1
4.717	0.1
4.711	0.1
4.706	0.1
4.701	0.1
4.695	0.1
4.690	0.1
4.685	0.1
4.679	0.1
4.674	0.1
4.669	0.1
4.663	0.1
4.658	0.1
4.653	0.1
4.648	0.1
4.642	0.1
4.637	0.1
4.632	0.1
4.626	0.2
4.621	0.2
4.616	0.2
4.610	0.2
4.605	0.2
4.600	0.2
4.594	0.2
4.589	0.2
4.584	0.2
4.578	0.2
4.573	0.2
4.568	0.2
4.563	0.2
4.557	0.2
4.552	0.2
4.547	0.2
4.541	0.2
4.536	0.2
4.531	0.2
4.525	0.2
4.520	0.2
4.515	0.3
4.509	0.3
4.504	0.3
4.499	0.3
4.493	0.3
4.488	0.3
4.483	0.3
4.478	0.3
4.472	0.3
4.467	0.3
4.462	0.3
4.456	0.3
4.451	0.3
4.446	0.3
4.440	0.3
4.435	0.3
4.430	0.3
4.424	0.3
4.419	0.3
4.414	0.3
4.408	0.3
4.403	0.3
4.398	0.3
4.392	0.3
4.387	0.3
4.382	0.3
4.377	0.3
4.371	0.3
4.366	0.3
4.361	0.3
4.355	0.3
4.350	0.3
4.345	0.3
4.339	0.3
4.334	0.3
4.329	0.3
4.323	0.3
4.318	0.3
4.313	0.3
4.307	0.3
4.302	0.3
4.297	0.3
4.291	0.3
4.286	0.3
4.281	0.3
4.275	0.3
4.270	0.3
4.265	0.3
4.260	0.3
4.254	0.3
4.249	0.3
4.244	0.3
4.238	0.3
4.233	0.3
4.228	0.3
4.222	0.3
4.217	0.3
4.212	0.3
4.206	0.3
4.201	0.3
4.196	0.3
4.190	0.3
4.185	0.3
4.180	0.3
4.174	0.3
4.169	0.3
4.164	0.3
4.158	0.3
4.153	0.3
4.148	0.3
4.143	0.3
4.137	0.3
4.132	0.3
4.127	0.3
4.121	0.3
4.116	0.3
4.111	0.3
4.105	0.3
4.100	0.3
4.095	0.3
4.089	0.4
4.084	0.4
4.079	0.4
4.073	0.4
4.068	0.4
4.063	0.4
4.057	0.4
4.052	0.4
4.047	0.4
4.041	0.4
4.036	0.4
4.031	0.3
4.025	0.3
4.020	0.3
4.015	0.3
4.009	0.4
4.004	0.4
3.999	0.4
3.994	0.7
3.988	0.7
3.983	0.7
3.978	0.7
3.972	0.7
3.967	0.7
3.962	0.7
3.956	0.7
3.951	0.7
3.946	0.7
3.940	0.7
3.935	0.7
3.930	0.7
3.924	0.7
3.919	0.7
3.914	0.7
3.908	0.7
3.903	0.7
3.898	0.7
3.892	1.1
3.887	1.3
3.882	1.4
3.876	1.4
3.871	1.2
3.866	1.1
3.860	1.0
3.855	0.8
3.850	0.8
3.844	0.7
3.839	0.7
3.834	0.7
3.829	0.7
3.823	0.7
3.818	0.7
3.813	0.7
3.807	0.7
3.802	0.7
3.797	1.1
3.791	1.5
3.786	1.9
3.781	2.2
3.775	2.2
3.770	1.9
3.765	1.6
3.759	1.2
3.754	1.1
3.749	0.9
3.743	0.8
3.738	0.8
3.733	0.7
3.727	0.7
3.722	0.7
3.717	0.7
3.711	0.7
3.706	0.7
3.701	0.8
3.695	1.1
3.690	1.5
3.685	1.9
3.679	2.7
3.674	3.1
3.669	3.1
3.663	2.7
3.658	2.3
3.653	1.9
3.647	1.5
3.642	1.1
3.637	1.1
3.632	1.1
3.626	1.0
3.621	0.8
3.616	0.8
3.610	0.8
3.605	0.8
3.600	0.8
3.594	1.0
3.589	1.2
3.584	1.7
3.578	2.3
3.573	3.1
3.568	3.7
3.562	4.0
3.557	3.9
3.552	3.5
3.546	2.8
3.541	2.3
3.536	1.9
3.530	1.5
3.525	1.1
3.520	1.1
3.514	1.1
3.509	1.1
3.504	1.1
3.498	1.1
3.493	1.1
3.488	1.1
3.482	1.3
3.477	1.6
3.472	2.2
3.466	3.0
3.461	3.9
3.456	4.9
3.450	5.4
3.445	5.2
3.440	4.5
3.434	3.7
3.429	2.9
3.424	2.3
3.418	1.9
3.413	1.6
3.408	1.3
3.402	1.2
3.397	1.2
3.392	1.2
3.386	1.1
3.381	1.1
3.376	1.2
3.370	1.5
3.365	1.8
3.360	2.3
3.354	3.1
3.349	4.3
3.344	5.5
3.338	6.5
3.333	6.8
3.328	6.5
3.322	5.6
3.317	4.7
3.312	3.8
3.306	3.1
3.301	2.3
3.296	1.9
3.291	1.6
3.285	1.5
3.280	1.5
3.275	1.5
3.269	1.5
3.264	1.5
3.259	1.5
3.253	1.6
3.248	2.0
3.243	2.5
3.237	3.3
3.232	4.5
3.227	5.7
3.221	6.9
3.216	7.9
3.211	8.1
3.205	7.6
3.200	6.5
3.195	5.3
3.189	4.4
3.184	3.5
3.179	2.9
3.173	2.4
3.168	2.0
3.163	1.9
3.157	1.8
3.152	1.7
3.147	1.7
3.141	1.7
3.136	1.7
3.131	1.8
3.125	2.2
3.120	2.8
3.115	3.9
3.109	5.5
3.104	7.1
3.099	8.7
3.093	9.6
3.088	10.0
3.083	9.8
3.077	8.7
3.072	7.3
3.067	5.7
3.061	4.7
3.056	3.9
3.051	3.1
3.045	2.7
3.040	2.3
3.035	1.9
3.029	1.9
3.024	1.9
3.019	1.9
3.013	1.9
3.008	2.2
3.003	2.4
2.997	2.8
2.992	3.5
2.987	4.7
2.981	6.3
2.976	8.3
2.971	10.2
2.965	11.5
2.960	12.0
2.955	12.0
2.949	11.1
2.944	9.5
2.939	7.9
2.933	6.3
2.928	5.1
2.923	4.2
2.917	3.5
2.912	2.9
2.907	2.4
2.901	2.3
2.896	2.1
2.891	2.1
2.885	2.1
2.880	2.3
2.875	2.4
2.869	2.7
2.864	3.1
2.859	3.5
2.853	4.7
2.848	6.7
2.843	9.1
2.837	11.5
2.832	13.1
2.827	14.0
2.821	14.3
2.816	13.7
2.811	12.2
2.805	10.4
2.800	8.3
2.795	6.5
2.789	5.2
2.784	4.4
2.779	3.6
2.773	3.1
2.768	2.7
2.763	2.7
2.757	2.5
2.752	2.5
2.747	2.4
2.741	2.4
2.736	2.8
2.731	2.8
2.725	3.2
2.720	3.8
2.715	5.0
2.709	7.0
2.704	9.6
2.699	12.5
2.693	14.7
2.688	15.9
2.683	16.3
2.677	16.0
2.672	14.9
2.667	13.3
2.661	11.2
2.656	9.1
2.651	7.1
2.645	5.6
2.640	4.5
2.635	3.7
2.629	3.3
2.624	2.9
2.619	2.8
2.613	2.8
2.608	2.8
2.602	2.8
2.597	2.8
2.592	2.8
2.586	2.8
2.581	3.2
2.576	3.6
2.570	4.4
2.565	5.8
2.560	8.1
2.554	11.0
2.549	13.9
2.544	16.2
2.538	17.5
2.533	18.3
2.528	18.2
2.522	17.3
2.517	15.6
2.512	13.1
2.506	10.7
2.501	8.4
2.496	6.8
2.490	5.5
2.485	4.6
2.480	3.8
2.474	3.4
2.469	3.1
2.464	2.9
2.458	2.8
2.453	2.8
2.448	2.8
2.442	2.8
2.437	2.8
2.432	3.1
2.426	3.5
2.421	3.9
2.416	4.4
2.410	5.6
2.405	7.2
2.400	10.0
2.394	13.6
2.389	17.2
2.384	19.6
2.378	20.8
2.373	20.9
2.368	20.3
2.362	19.0
2.357	16.9
2.352	14.5
2.346	12.0
2.341	9.6
2.336	7.6
2.330	6.0
2.325	5.0
2.320	4.3
2.314	3.9
2.309	3.5
2.304	3.2
2.298	3.1
2.293	3.0
2.288	3.0
2.282	3.0
2.277	2.9
2.272	3.0
2.266	3.2
2.261	3.6
2.256	4.0
2.250	4.4
2.245	5.2
2.240	6.4
2.234	8.4
2.229	11.7
2.223	15.7
2.218	19.6
2.213	22.3
2.207	23.6
2.202	23.6
2.197	22.7
2.191	21.1
2.186	19.1
2.181	16.4
2.175	13.7
2.170	11.2
2.165	9.0
2.159	7.2
2.154	5.9
2.149	5.0
2.143	4.4
2.138	4.0
2.133	3.6
2.127	3.2
2.122	3.2
2.117	3.2
2.111	3.2
2.106	3.2
2.101	3.2
2.095	3.2
2.090	3.2
2.085	3.5
2.079	3.7
2.074	4.0
2.069	4.4
2.063	5.2
2.058	6.4
2.053	8.3
2.047	11.1
2.042	14.8
2.037	19.2
2.031	23.2
2.026	25.8
2.021	26.7
2.015	26.4
2.010	25.0
2.005	23.1
1.999	20.7
1.994	17.9
1.989	15.1
1.983	12.4
1.978	10.0
1.972	8.1
1.967	6.7
1.962	5.5
1.956	4.8
1.951	4.4
1.946	4.0
1.940	3.7
1.935	3.5
1.930	3.5
1.924	3.4
1.919	3.4
1.914	3.2
1.908	3.2
1.903	3.2
1.898	3.3
1.892	3.4
1.887	3.6
1.882	3.9
1.876	4.0
1.871	4.4
1.866	5.2
1.860	6.0
1.855	7.4
1.850	9.4
1.844	12.1
1.839	15.8
1.834	20.3
1.828	24.7
1.823	28.0
1.818	29.6
1.812	29.6
1.807	28.4
1.802	26.4
1.796	23.7
1.791	21.0
1.786	18.2
1.780	15.2
1.775	12.5
1.769	10.3
1.764	8.3
1.759	6.8
1.753	5.6
1.748	4.8
1.743	4.4
1.737	4.1
1.732	3.9
1.727	3.9
1.721	3.6
1.716	3.6
1.711	3.5
1.705	3.5
1.700	3.5
1.695	3.5
1.689	3.5
1.684	3.5
1.679	3.6
1.673	3.6
1.668	3.6
1.663	3.9
1.657	4.0
1.652	4.4
1.647	4.8
1.641	5.4
1.636	6.2
1.631	7.2
1.625	8.8
1.620	10.8
1.615	14.0
1.609	18.3
1.604	22.9
1.599	27.3
1.593	30.6
1.588	32.7
1.582	33.3
1.577	32.8
1.572	31.1
1.566	28.7
1.561	25.7
1.556	22.4
1.550	19.1
1.545	16.0
1.540	13.2
1.534	11.1
1.529	9.2
1.524	7.9
1.518	6.8
1.513	6.0
1.508	5.4
1.502	4.8
1.497	4.4
1.492	4.3
1.486	4.0
1.481	4.0
1.476	3.9
1.470	3.9
1.465	3.7
1.460	3.7
1.454	3.6
1.449	3.6
1.444	3.6
1.438	3.6
1.433	3.6
1.428	3.6
1.422	3.6
1.417	3.6
1.411	3.6
1.406	3.7
1.401	4.0
1.395	4.2
1.390	4.6
1.385	5.2
1.379	5.8
1.374	6.6
1.369	7.4
1.363	8.7
1.358	10.3
1.353	12.4
1.347	15.3
1.342	19.2
1.337	24.0
1.331	29.2
1.326	33.8
1.321	37.1
1.315	38.5
1.310	38.1
1.305	36.5
1.299	34.3
1.294	31.9
1.289	29.1
1.283	26.2
1.278	22.9
1.273	19.8
1.267	16.9
1.262	14.4
1.256	12.2
1.251	10.3
1.246	8.7
1.240	7.4
1.235	6.2
1.230	5.1
1.224	4.3
1.219	4.0
1.214	4.0
1.208	4.0
1.203	4.0
1.198	4.0
1.192	4.0
1.187	4.0
1.182	4.0
1.176	4.0
1.171	4.0
1.166	3.9
1.160	3.9
1.155	3.9
1.150	3.9
1.144	3.9
1.139	3.9
1.134	3.9
1.128	3.9
1.123	3.9
1.118	3.9
1.112	3.9
1.107	4.0
1.101	4.0
1.096	4.0
1.091	4.0
1.085	4.3
1.080	4.6
1.075	4.8
1.069	5.2
1.064	5.6
1.059	6.0
1.053	6.4
1.048	6.8
1.043	7.6
1.037	8.4
1.032	9.4
1.027	10.6
1.021	12.3
1.016	14.3
1.011	16.9
1.005	20.1
1.000	24.1
0.995	28.5
0.989	33.1
0.984	37.5
0.979	41.1
0.973	43.6
0.968	44.8
0.962	44.8
0.957	43.8
0.952	42.0
0.946	39.3
0.941	36.0
0.936	32.5
0.930	29.1
0.925	26.3
0.920	23.5
0.914	21.0
0.909	18.4
0.904	15.9
0.898	13.4
0.893	11.5
0.888	9.9
0.882	9.1
0.877	8.3
0.872	7.9
0.866	7.6
0.861	7.2
0.856	6.8
0.850	6.4
0.845	6.1
0.840	5.9
0.834	5.6
0.829	5.3
0.823	5.1
0.818	4.7
0.813	4.4
0.807	4.4
0.802	4.4
0.797	4.4
0.791	4.4
0.786	4.4
0.781	4.3
0.775	4.2
0.770	4.0
0.765	4.0
0.759	4.0
0.754	4.0
0.749	4.0
0.743	4.0
0.738	4.0
0.733	4.0
0.727	4.0
0.722	4.0
0.717	4.0
0.711	4.0
0.706	4.0
0.701	4.0
0.695	4.0
0.690	4.0
0.684	4.0
0.679	4.0
0.674	4.0
0.668	4.0
0.663	4.0
0.658	4.0
0.652	4.0
0.647	4.0
0.642	4.0
0.636	4.0
0.631	4.1
0.626	4.3
0.620	4.4
0.615	4.6
0.610	4.7
0.604	4.9
0.599	5.1
0.594	5.2
0.588	5.5
0.583	5.6
0.578	5.7
0.572	6.0
0.567	6.2
0.561	6.4
0.556	6.8
0.551	7.1
0.545	7.4
0.540	7.8
0.535	8.1
0.529	8.5
0.524	9.0
0.519	9.6
0.513	10.0
0.508	10.4
0.503	10.8
0.497	11.6
0.492	12.7
0.487	13.9
0.481	15.1
0.476	16.3
0.471	17.6
0.465	19.1
0.460	20.7
0.455	22.3
0.449	24.1
0.444	26.3
0.438	28.5
0.433	30.9
0.428	33.2
0.422	35.5
0.417	37.5
0.412	39.6
0.406	41.7
0.401	43.7
0.396	45.5
0.390	47.0
0.385	48.0
0.380	48.8
0.374	49.2
0.369	49.6
0.364	49.6
0.358	49.6
0.353	49.2
0.348	48.8
0.342	48.0
0.337	47.2
0.332	46.4
0.326	45.4
0.321	44.3
0.316	43.2
0.310	42.0
0.305	40.8
0.299	39.6
0.294	38.4
0.289	37.2
0.283	36.0
0.278	34.8
0.273	33.6
0.267	32.4
0.262	31.3
0.257	30.3
0.251	29.4
0.246	28.4
0.241	27.6
0.235	26.8
0.230	26.0
0.225	25.2
0.219	24.4
0.214	23.6
0.209	23.1
0.203	22.4
0.198	21.7
0.193	21.1
0.187	20.6
0.182	20.0
0.176	19.6
0.171	19.2
0.166	18.7
0.160	18.3
0.155	17.8
0.150	17.4
0.144	17.2
0.139	16.8
0.134	16.7
0.128	16.4
0.123	16.1
0.118	16.0
0.112	15.8
0.107	15.6
0.102	15.3
0.096	15.0
0.091	14.8
0.086	14.7
0.080	14.7
0.075	14.6
0.070	14.4
0.064	14.2
0.059	14.1
0.053	14.0
0.048	14.0
0.043	14.0
0.037	14.0
0.032	14.0
0.027	14.0
0.021	14.0
0.016	14.0
0.011	14.0
0.005	14.0
0.000	14.0
-0.005	14.0
-0.011	14.0
-0.016	14.0
-0.021	14.0
-0.027	13.9
-0.032	13.9
-0.037	13.9
-0.043	14.0
-0.048	14.3
-0.053	14.4
-0.059	14.5
-0.064	14.7
-0.070	15.1
-0.075	15.2
-0.080	15.5
-0.086	15.9
-0.091	16.0
-0.096	16.2
-0.102	16.3
-0.107	16.4
-0.112	16.7
-0.118	17.0
-0.123	17.5
-0.128	18.0
-0.134	18.4
-0.139	18.8
-0.144	19.2
-0.150	19.6
-0.155	20.0
-0.160	20.4
-0.166	21.1
-0.171	21.5
-0.176	21.9
-0.182	22.4
-0.187	23.2
-0.193	24.0
-0.198	25.0
-0.203	25.8
-0.209	26.6
-0.214	27.5
-0.219	28.3
-0.225	29.2
-0.230	30.1
-0.235	31.1
-0.241	31.9
-0.246	32.7
-0.251	33.5
-0.257	34.5
-0.262	35.4
-0.267	35.9
-0.273	36.1
-0.278	36.5
-0.283	37.8
-0.289	39.8
-0.294	42.0
-0.299	43.8
-0.305	45.1
-0.310	46.2
-0.316	47.1
-0.321	47.8
-0.326	48.3
-0.332	48.7
-0.337	48.8
-0.342	48.7
-0.348	48.4
-0.353	47.8
-0.358	46.8
-0.364	45.6
-0.369	44.0
-0.374	42.4
-0.380	40.5
-0.385	38.4
-0.390	36.0
-0.396	33.6
-0.401	31.2
-0.406	29.1
-0.412	27.1
-0.417	25.1
-0.422	23.2
-0.428	21.4
-0.433	19.8
-0.438	18.3
-0.444	17.0
-0.449	15.7
-0.455	14.5
-0.460	13.5
-0.465	12.7
-0.471	11.8
-0.476	11.1
-0.481	10.5
-0.487	9.9
-0.492	9.5
-0.497	8.8
-0.503	8.3
-0.508	7.9
-0.513	7.5
-0.519	7.1
-0.524	6.8
-0.529	6.7
-0.535	6.3
-0.540	6.2
-0.545	5.9
-0.551	5.7
-0.556	5.5
-0.561	5.2
-0.567	5.1
-0.572	4.9
-0.578	4.7
-0.583	4.5
-0.588	4.3
-0.594	4.3
-0.599	4.3
-0.604	4.3
-0.610	4.3
-0.615	4.3
-0.620	4.3
-0.626	4.3
-0.631	4.2
-0.636	4.2
-0.642	4.1
-0.647	4.0
-0.652	4.0
-0.658	4.0
-0.663	3.9
-0.668	3.9
-0.674	3.9
-0.679	3.9
-0.684	3.9
-0.690	3.9
-0.695	3.9
-0.701	3.9
-0.706	3.9
-0.711	3.9
-0.717	3.9
-0.722	3.9
-0.727	3.9
-0.733	3.9
-0.738	3.9
-0.743	3.9
-0.749	3.9
-0.754	3.9
-0.759	3.9
-0.765	3.9
-0.770	4.0
-0.775	4.3
-0.781	4.5
-0.786	4.7
-0.791	4.9
-0.797	5.2
-0.802	5.5
-0.807	5.7
-0.813	5.9
-0.818	6.3
-0.823	6.7
-0.829	7.1
-0.834	7.5
-0.840	8.3
-0.845	9.1
-0.850	9.9
-0.856	10.8
-0.861	12.0
-0.866	13.1
-0.872	14.7
-0.877	16.3
-0.882	18.2
-0.888	20.2
-0.893	22.7
-0.898	25.4
-0.904	28.3
-0.909	31.3
-0.914	34.4
-0.920	37.3
-0.925	39.8
-0.930	41.5
-0.936	42.1
-0.941	41.6
-0.946	40.1
-0.952	37.4
-0.957	33.8
-0.962	29.7
-0.968	25.7
-0.973	21.8
-0.979	18.6
-0.984	15.7
-0.989	13.5
-0.995	11.7
-1.000	10.3
-1.005	9.1
-1.011	8.1
-1.016	7.3
-1.021	6.7
-1.027	6.2
-1.032	5.7
-1.037	5.2
-1.043	4.8
-1.048	4.4
-1.053	4.3
-1.059	4.3
-1.064	4.1
-1.069	3.9
-1.075	3.9
-1.080	3.9
-1.085	3.9
-1.091	3.9
-1.096	3.9
-1.101	3.8
-1.107	3.7
-1.112	3.7
-1.118	3.7
-1.123	3.7
-1.128	3.7
-1.134	3.7
-1.139	3.7
-1.144	3.7
-1.150	3.7
-1.155	3.9
-1.160	3.9
-1.166	3.9
-1.171	4.2
-1.176	4.5
-1.182	4.9
-1.187	5.3
-1.192	5.7
-1.198	6.1
-1.203	6.8
-1.208	7.5
-1.214	8.3
-1.219	9.4
-1.224	10.7
-1.230	12.2
-1.235	13.9
-1.240	15.9
-1.246	18.3
-1.251	20.9
-1.256	24.1
-1.262	27.3
-1.267	30.9
-1.273	34.2
-1.278	36.6
-1.283	37.8
-1.289	37.0
-1.294	34.4
-1.299	30.4
-1.305	25.8
-1.310	21.3
-1.315	17.4
-1.321	14.2
-1.326	11.8
-1.331	9.9
-1.337	8.4
-1.342	7.3
-1.347	6.5
-1.353	5.9
-1.358	5.4
-1.363	4.9
-1.369	4.5
-1.374	4.3
-1.379	4.0
-1.385	3.9
-1.390	3.9
-1.395	3.9
-1.401	3.9
-1.406	3.9
-1.411	3.8
-1.417	3.8
-1.422	3.6
-1.428	3.6
-1.433	3.6
-1.438	3.6
-1.444	3.6
-1.449	3.6
-1.454	3.7
-1.460	3.9
-1.465	3.9
-1.470	4.3
-1.476	4.7
-1.481	5.3
-1.486	5.9
-1.492	6.7
-1.497	7.8
-1.502	9.0
-1.508	10.4
-1.513	12.0
-1.518	14.2
-1.524	16.7
-1.529	19.5
-1.534	22.8
-1.540	26.3
-1.545	29.9
-1.550	32.7
-1.556	34.2
-1.561	33.2
-1.566	30.2
-1.572	25.6
-1.577	20.9
-1.582	16.7
-1.588	13.4
-1.593	10.7
-1.599	8.7
-1.604	7.4
-1.609	6.3
-1.615	5.5
-1.620	4.8
-1.625	4.4
-1.631	4.2
-1.636	3.9
-1.641	3.9
-1.647	3.7
-1.652	3.6
-1.657	3.6
-1.663	3.5
-1.668	3.5
-1.673	3.5
-1.679	3.5
-1.684	3.5
-1.689	3.5
-1.695	3.5
-1.700	3.6
-1.705	3.9
-1.711	3.9
-1.716	4.3
-1.721	4.8
-1.727	5.5
-1.732	6.3
-1.737	7.5
-1.743	9.1
-1.748	10.8
-1.753	13.1
-1.759	15.7
-1.764	18.6
-1.769	21.8
-1.775	25.0
-1.780	27.8
-1.786	29.3
-1.791	28.8
-1.796	25.9
-1.802	21.9
-1.807	17.9
-1.812	14.3
-1.818	11.2
-1.823	9.1
-1.828	7.5
-1.834	6.3
-1.839	5.3
-1.844	4.7
-1.850	4.3
-1.855	3.9
-1.860	3.9
-1.866	3.6
-1.871	3.5
-1.876	3.5
-1.882	3.5
-1.887	3.4
-1.892	3.4
-1.898	3.4
-1.903	3.4
-1.908	3.5
-1.914	3.5
-1.919	3.9
-1.924	4.0
-1.930	4.4
-1.935	5.1
-1.940	5.9
-1.946	7.0
-1.951	8.3
-1.956	10.0
-1.962	12.3
-1.967	15.0
-1.972	18.0
-1.978	21.2
-1.983	24.2
-1.989	26.3
-1.994	26.7
-1.999	24.8
-2.005	21.2
-2.010	16.8
-2.015	13.1
-2.021	9.9
-2.026	7.9
-2.031	6.2
-2.037	5.1
-2.042	4.3
-2.047	3.9
-2.053	3.5
-2.058	3.2
-2.063	3.1
-2.069	3.1
-2.074	3.1
-2.079	3.1
-2.085	3.1
-2.090	3.1
-2.095	3.1
-2.101	3.1
-2.106	3.3
-2.111	3.6
-2.117	3.9
-2.122	4.3
-2.127	5.1
-2.133	5.9
-2.138	7.0
-2.143	8.4
-2.149	10.3
-2.154	13.0
-2.159	15.9
-2.165	19.1
-2.170	21.8
-2.175	23.5
-2.181	23.4
-2.186	21.2
-2.191	17.6
-2.197	13.9
-2.202	10.7
-2.207	8.3
-2.213	6.4
-2.218	5.2
-2.223	4.4
-2.229	3.9
-2.234	3.5
-2.240	3.1
-2.245	2.9
-2.250	2.9
-2.256	2.8
-2.261	2.8
-2.266	2.8
-2.272	2.8
-2.277	2.8
-2.282	2.9
-2.288	3.1
-2.293	3.5
-2.298	3.9
-2.304	4.5
-2.309	5.3
-2.314	6.4
-2.320	8.0
-2.325	10.0
-2.330	12.7
-2.336	15.5
-2.341	18.2
-2.346	19.9
-2.352	19.9
-2.357	18.0
-2.362	14.8
-2.368	11.6
-2.373	8.8
-2.378	6.7
-2.384	5.2
-2.389	4.3
-2.394	3.5
-2.400	3.1
-2.405	2.7
-2.410	2.7
-2.416	2.6
-2.421	2.6
-2.426	2.5
-2.432	2.5
-2.437	2.4
-2.442	2.5
-2.448	2.6
-2.453	2.9
-2.458	3.3
-2.464	3.7
-2.469	4.3
-2.474	5.2
-2.480	6.3
-2.485	8.2
-2.490	10.4
-2.496	13.1
-2.501	15.4
-2.506	16.8
-2.512	16.8
-2.517	15.1
-2.522	12.4
-2.528	9.6
-2.533	7.2
-2.538	5.6
-2.544	4.6
-2.549	3.8
-2.554	3.3
-2.560	3.0
-2.565	2.7
-2.570	2.7
-2.576	2.5
-2.581	2.4
-2.586	2.4
-2.592	2.4
-2.597	2.4
-2.602	2.5
-2.608	2.7
-2.613	3.1
-2.619	3.5
-2.624	4.0
-2.629	4.8
-2.635	6.0
-2.640	7.9
-2.645	10.3
-2.651	12.7
-2.656	14.6
-2.661	14.9
-2.667	13.4
-2.672	10.8
-2.677	8.3
-2.683	6.2
-2.688	4.7
-2.693	3.9
-2.699	3.2
-2.704	2.7
-2.709	2.4
-2.715	2.0
-2.720	2.0
-2.725	1.9
-2.731	1.9
-2.736	2.0
-2.741	2.0
-2.747	2.0
-2.752	2.3
-2.757	2.6
-2.763	3.0
-2.768	3.4
-2.773	4.0
-2.779	5.1
-2.784	6.6
-2.789	8.5
-2.795	10.5
-2.800	11.8
-2.805	11.6
-2.811	10.0
-2.816	8.0
-2.821	6.0
-2.827	4.6
-2.832	3.5
-2.837	2.8
-2.843	2.3
-2.848	1.9
-2.853	1.9
-2.859	1.8
-2.864	1.6
-2.869	1.6
-2.875	1.6
-2.880	1.6
-2.885	1.6
-2.891	1.6
-2.896	2.0
-2.901	2.3
-2.907	2.8
-2.912	3.4
-2.917	4.3
-2.923	5.5
-2.928	7.1
-2.933	8.7
-2.939	9.5
-2.944	8.7
-2.949	7.1
-2.955	5.5
-2.960	4.1
-2.965	3.1
-2.971	2.4
-2.976	1.9
-2.981	1.5
-2.987	1.5
-2.992	1.3
-2.997	1.2
-3.003	1.2
-3.008	1.2
-3.013	1.2
-3.019	1.2
-3.024	1.4
-3.029	1.5
-3.035	1.9
-3.040	2.3
-3.045	2.8
-3.051	3.5
-3.056	4.7
-3.061	6.0
-3.067	6.8
-3.072	6.7
-3.077	5.5
-3.083	4.4
-3.088	3.2
-3.093	2.4
-3.099	1.9
-3.104	1.5
-3.109	1.1
-3.115	1.1
-3.120	1.1
-3.125	1.1
-3.131	1.1
-3.136	1.1
-3.141	1.1
-3.147	1.1
-3.152	1.1
-3.157	1.3
-3.163	1.5
-3.168	1.9
-3.173	2.3
-3.179	3.1
-3.184	3.9
-3.189	4.7
-3.195	4.8
-3.200	4.3
-3.205	3.5
-3.211	2.7
-3.216	1.9
-3.221	1.5
-3.227	1.1
-3.232	1.1
-3.237	0.9
-3.243	0.8
-3.248	0.8
-3.253	0.8
-3.259	0.7
-3.264	0.7
-3.269	0.7
-3.275	0.7
-3.280	0.7
-3.285	0.8
-3.291	1.1
-3.296	1.5
-3.301	2.0
-3.306	2.8
-3.312	3.2
-3.317	3.2
-3.322	2.7
-3.328	2.2
-3.333	1.6
-3.338	1.2
-3.344	0.9
-3.349	0.8
-3.354	0.7
-3.360	0.7
-3.365	0.7
-3.370	0.7
-3.376	0.7
-3.381	0.7
-3.386	0.7
-3.392	0.7
-3.397	0.7
-3.402	0.7
-3.408	0.8
-3.413	1.2
-3.418	1.6
-3.424	2.0
-3.429	2.3
-3.434	2.0
-3.440	1.6
-3.445	1.2
-3.450	0.8
-3.456	0.7
-3.461	0.7
-3.466	0.7
-3.472	0.7
-3.477	0.6
-3.482	0.5
-3.488	0.5
-3.493	0.5
-3.498	0.5
-3.504	0.5
-3.509	0.5
-3.514	0.5
-3.520	0.6
-3.525	0.7
-3.530	1.1
-3.536	1.2
-3.541	1.3
-3.546	1.2
-3.552	1.1
-3.557	0.7
-3.562	0.7
-3.568	0.6
-3.573	0.6
-3.578	0.4
-3.584	0.4
-3.589	0.4
-3.594	0.4
-3.600	0.4
-3.605	0.4
-3.610	0.3
-3.616	0.3
-3.621	0.3
-3.626	0.3
-3.632	0.3
-3.637	0.4
-3.642	0.6
-3.647	0.7
-3.653	0.7
-3.658	0.7
-3.663	0.7
-3.669	0.6
-3.674	0.5
-3.679	0.4
-3.685	0.4
-3.690	0.3
-3.695	0.3
-3.701	0.3
-3.706	0.3
-3.711	0.3
-3.717	0.3
-3.722	0.3
-3.727	0.3
-3.733	0.3
-3.738	0.3
-3.743	0.3
-3.749	0.3
-3.754	0.3
-3.759	0.3
-3.765	0.3
-3.770	0.3
-3.775	0.3
-3.781	0.3
-3.786	0.3
-3.791	0.3
-3.797	0.3
-3.802	0.3
-3.807	0.3
-3.813	0.3
-3.818	0.3
-3.823	0.3
-3.829	0.3
-3.834	0.3
-3.839	0.3
-3.844	0.3
-3.850	0.3
-3.855	0.3
-3.860	0.3
-3.866	0.3
-3.871	0.3
-3.876	0.3
-3.882	0.3
-3.887	0.3
-3.892	0.3
-3.898	0.3
-3.903	0.3
-3.908	0.3
-3.914	0.3
-3.919	0.3
-3.924	0.3
-3.930	0.3
-3.935	0.3
-3.940	0.3
-3.946	0.3
-3.951	0.3
-3.956	0.3
-3.962	0.3
-3.967	0.3
-3.972	0.3
-3.978	0.3
-3.983	0.3
-3.988	0.3
-3.994	0.3
-3.999	0.3
-4.004	0.3
-4.009	0.3
-4.015	0.3
-4.020	0.3
-4.025	0.3
-4.031	0.3
-4.036	0.3
-4.041	0.3
-4.047	0.3
-4.052	0.3
-4.057	0.3
-4.063	0.3
-4.068	0.3
-4.073	0.3
-4.079	0.3
-4.084	0.3
-4.089	0.3
-4.095	0.3
-4.100	0.3
-4.105	0.3
-4.111	0.3
-4.116	0.3
-4.121	0.3
-4.127	0.3
-4.132	0.3
-4.137	0.3
-4.143	0.3
-4.148	0.3
-4.153	0.3
-4.158	0.3
-4.164	0.3
-4.169	0.3
-4.174	0.3
-4.180	0.3
-4.185	0.3
-4.190	0.3
-4.196	0.3
-4.201	0.3
-4.206	0.3
-4.212	0.3
-4.217	0.3
-4.222	0.3
-4.228	0.3
-4.233	0.3
-4.238	0.3
-4.244	0.3
-4.249	0.3
-4.254	0.3
-4.260	0.3
-4.265	0.3
-4.270	0.3
-4.275	0.3
-4.281	0.3
-4.286	0.3
-4.291	0.3
-4.297	0.3
-4.302	0.3
-4.307	0.3
-4.313	0.3
-4.318	0.3
-4.323	0.3
-4.329	0.3
-4.334	0.3
-4.339	0.3
-4.345	0.3
-4.350	0.3
-4.355	0.3
-4.361	0.3
-4.366	0.3
-4.371	0.3
-4.377	0.3
-4.382	0.3
-4.387	0.3
-4.392	0.3
-4.398	0.3
-4.403	0.3
-4.408	0.3
-4.414	0.3
-4.419	0.3
-4.424	0.3
-4.430	0.3
-4.435	0.3
-4.440	0.3
-4.446	0.3
-4.451	0.3
-4.456	0.3
-4.462	0.3
-4.467	0.3
-4.472	0.3
-4.478	0.3
-4.483	0.3
-4.488	0.3
-4.493	0.3
-4.499	0.3
-4.504	0.3
-4.509	0.3
-4.515	0.3
-4.520	0.3
-4.525	0.3
-4.531	0.3
-4.536	0.3
-4.541	0.3
-4.547	0.3
-4.552	0.3
-4.557	0.3
-4.563	0.3
-4.568	0.3
-4.573	0.3
-4.578	0.3
-4.584	0.3
-4.589	0.3
-4.594	0.3
-4.600	0.3
-4.605	0.3
-4.610	0.3
-4.616	0.3
-4.621	0.3
-4.626	0.3
-4.632	0.3
-4.637	0.3
-4.642	0.3
-4.648	0.3
-4.653	0.3
-4.658	0.3
-4.663	0.3
-4.669	0.3
-4.674	0.3
-4.679	0.3
-4.685	0.3
-4.690	0.3
-4.695	0.3
-4.701	0.3
-4.706	0.3
-4.711	0.3
-4.717	0.3
-4.722	0.3
-4.727	0.3
-4.733	0.3
-4.738	0.3
-4.743	0.3
-4.748	0.3
-4.754	0.3
-4.759	0.3
-4.764	0.3
-4.770	0.3
-4.775	0.3
-4.780	0.3
-4.786	0.3
-4.791	0.3
-4.796	0.3
-4.802	0.3
-4.807	0.3
-4.812	0.3
-4.818	0.3
-4.823	0.3
-4.828	0.3
-4.833	0.3
-4.839	0.3
-4.844	0.2
-4.849	0.2
-4.855	0.2
-4.860	0.2
-4.865	0.2
-4.871	0.2
-4.876	0.2
-4.881	0.2
-4.887	0.2
-4.892	0.2
-4.897	0.2
-4.902	0.2
-4.908	0.2
-4.913	0.2
-4.918	0.2
-4.924	0.2
-4.929	0.2
-4.934	0.2
-4.940	0.2
-4.945	0.2
-4.950	0.2
-4.956	0.2
-4.961	0.2
-4.966	0.2
-4.971	0.2
-4.977	0.2
-4.982	0.2
-4.987	0.2
-4.993	0.2
-4.998	0.2
-5.003	0.2
-5.009	0.2
-5.014	0.2
-5.019	0.2
-5.025	0.2
-5.030	0.2
-5.035	0.2
-5.040	0.2
-5.046	0.2
-5.051	0.2
-5.056	0.2
-5.062	0.2
-5.067	0.2
-5.072	0.2
-5.078	0.2
-5.083	0.2
-5.088	0.2
-5.094	0.2
-5.099	0.2
-5.104	0.2
-5.109	0.2
-5.115	0.2
-5.120	0.2
-5.125	0.2
-5.131	0.2
-5.136	0.2
-5.141	0.2
-5.147	0.2
-5.152	0.2
-5.157	0.2
-5.162	0.2
-5.168	0.2
-5.173	0.2
-5.178	0.2
-5.184	0.2
-5.189	0.2
-5.194	0.2
-5.200	0.2
-5.205	0.2
-5.210	0.2
-5.216	0.2
-5.221	0.2
-5.226	0.2
-5.231	0.2
-5.237	0.2
-5.242	0.2
-5.247	0.2
-5.253	0.2
-5.258	0.1
-5.263	0.1
-5.269	0.1
-5.274	0.1
-5.279	0.1
-5.284	0.1
-5.290	0.1
-5.295	0.1
-5.300	0.1
-5.306	0.1
-5.311	0.1
-5.316	0.1
-5.322	0.1
-5.327	0.1
-5.332	0.1
-5.337	0.1
-5.343	0.1
-5.348	0.1
-5.353	0.1
-5.359	0.1
-5.364	0.1
-5.369	0.1
-5.375	0.1
-5.380	0.1
-5.385	0.1
-5.390	0.1
-5.396	0.1
-5.401	0.1
-5.406	0.1
-5.412	0.1
-5.417	0.1
-5.422	0.1
-5.428	0.1
-5.433	0.1
-5.438	0.1
-5.443	0.1
-5.449	0.1
-5.454	0.1
