&a / °	I1 / %
2,736	3,6
2,733	3,6
2,731	3,6
2,728	3,6
2,725	3,6
2,723	3,6
2,720	3,6
2,717	3,6
2,715	3,6
2,712	3,6
2,709	3,6
2,707	3,6
2,704	3,6
2,701	3,6
2,699	3,6
2,696	3,6
2,693	3,6
2,691	3,6
2,688	3,6
2,685	3,6
2,683	3,6
2,680	3,6
2,677	3,6
2,675	3,6
2,672	3,6
2,669	3,6
2,667	3,6
2,664	3,6
2,661	3,6
2,659	3,6
2,656	3,6
2,653	3,6
2,651	3,6
2,648	3,6
2,645	3,6
2,643	3,6
2,640	3,6
2,637	3,6
2,635	3,6
2,632	3,6
2,629	3,6
2,627	3,6
2,624	3,6
2,621	3,6
2,619	3,6
2,616	3,6
2,613	3,6
2,610	3,6
2,608	3,6
2,605	3,6
2,602	3,6
2,600	3,6
2,597	3,6
2,594	3,6
2,592	3,6
2,589	3,6
2,586	3,6
2,584	3,6
2,581	3,6
2,578	3,6
2,576	3,6
2,573	3,6
2,570	3,6
2,568	3,6
2,565	3,6
2,562	3,6
2,560	3,6
2,557	3,6
2,554	3,6
2,552	3,6
2,549	3,6
2,546	3,6
2,544	3,6
2,541	3,6
2,538	3,6
2,536	3,6
2,533	3,6
2,530	3,6
2,528	3,6
2,525	3,6
2,522	3,6
2,520	3,6
2,517	3,6
2,514	3,6
2,512	3,6
2,509	3,6
2,506	3,6
2,504	3,6
2,501	3,6
2,498	3,6
2,496	3,6
2,493	3,6
2,490	3,6
2,488	3,6
2,485	3,6
2,482	3,6
2,480	3,6
2,477	3,6
2,474	3,6
2,472	3,6
2,469	3,6
2,466	3,6
2,464	3,6
2,461	3,6
2,458	3,6
2,456	3,6
2,453	3,6
2,450	3,6
2,448	3,6
2,445	3,6
2,442	3,6
2,440	3,6
2,437	3,6
2,434	3,6
2,432	3,6
2,429	3,6
2,426	3,6
2,424	3,6
2,421	3,6
2,418	3,6
2,416	3,6
2,413	3,6
2,410	3,6
2,408	3,6
2,405	3,6
2,402	3,6
2,400	3,6
2,397	3,6
2,394	3,6
2,392	3,6
2,389	3,6
2,386	3,6
2,384	3,6
2,381	3,6
2,378	3,6
2,376	3,6
2,373	3,6
2,370	3,6
2,368	3,6
2,365	3,6
2,362	3,6
2,360	3,6
2,357	3,6
2,354	3,6
2,352	3,6
2,349	3,6
2,346	3,6
2,344	3,6
2,341	3,6
2,338	3,6
2,336	3,6
2,333	3,6
2,330	3,6
2,328	3,6
2,325	3,6
2,322	3,6
2,320	3,6
2,317	3,6
2,314	3,6
2,312	3,6
2,309	3,6
2,306	3,6
2,304	3,6
2,301	3,6
2,298	3,6
2,296	3,6
2,293	3,6
2,290	3,6
2,288	3,6
2,285	3,6
2,282	3,6
2,280	3,6
2,277	3,6
2,274	3,6
2,272	3,6
2,269	3,6
2,266	3,6
2,264	3,6
2,261	3,6
2,258	3,6
2,256	3,6
2,253	3,6
2,250	3,6
2,248	3,6
2,245	3,6
2,242	3,6
2,240	3,6
2,237	3,6
2,234	3,6
2,231	3,6
2,229	3,6
2,226	3,6
2,223	3,6
2,221	3,6
2,218	3,6
2,215	3,6
2,213	3,6
2,210	3,6
2,207	3,6
2,205	3,6
2,202	3,6
2,199	3,6
2,197	3,6
2,194	3,6
2,191	3,6
2,189	3,6
2,186	3,6
2,183	3,6
2,181	3,6
2,178	3,6
2,175	3,6
2,173	3,6
2,170	3,6
2,167	3,6
2,165	3,6
2,162	3,6
2,159	3,6
2,157	3,6
2,154	3,6
2,151	3,6
2,149	3,6
2,146	3,6
2,143	3,6
2,141	3,6
2,138	3,6
2,135	3,6
2,133	3,6
2,130	3,6
2,127	3,6
2,125	3,6
2,122	3,6
2,119	3,6
2,117	3,6
2,114	3,6
2,111	3,6
2,109	3,6
2,106	3,6
2,103	3,6
2,101	3,6
2,098	3,6
2,095	3,6
2,093	3,6
2,090	3,6
2,087	3,6
2,085	3,6
2,082	3,6
2,079	3,6
2,077	3,6
2,074	3,6
2,071	3,6
2,069	3,6
2,066	3,6
2,063	3,6
2,061	3,6
2,058	3,6
2,055	3,6
2,053	3,6
2,050	3,6
2,047	3,6
2,045	3,6
2,042	3,6
2,039	3,6
2,037	3,6
2,034	3,6
2,031	3,6
2,029	3,6
2,026	3,6
2,023	3,6
2,021	3,6
2,018	3,6
2,015	3,6
2,013	3,6
2,010	3,6
2,007	3,6
2,005	3,6
2,002	3,6
1,999	3,6
1,997	3,6
1,994	3,6
1,991	3,6
1,989	3,6
1,986	3,6
1,983	3,6
1,980	3,6
1,978	3,6
1,975	3,6
1,972	3,6
1,970	3,6
1,967	3,6
1,964	3,6
1,962	3,6
1,959	3,6
1,956	3,6
1,954	3,6
1,951	3,6
1,948	3,6
1,946	3,6
1,943	3,6
1,940	3,6
1,938	3,6
1,935	3,6
1,932	3,6
1,930	3,6
1,927	3,6
1,924	3,6
1,922	3,6
1,919	3,6
1,916	3,6
1,914	3,6
1,911	3,6
1,908	3,6
1,906	3,6
1,903	3,6
1,900	3,6
1,898	3,6
1,895	3,6
1,892	3,6
1,890	3,6
1,887	3,6
1,884	3,6
1,882	3,6
1,879	3,6
1,876	3,6
1,874	3,6
1,871	3,6
1,868	3,6
1,866	3,6
1,863	3,6
1,860	3,6
1,858	3,6
1,855	3,6
1,852	3,6
1,850	3,6
1,847	3,6
1,844	3,6
1,842	3,6
1,839	3,6
1,836	3,6
1,834	3,6
1,831	3,6
1,828	3,6
1,826	3,6
1,823	3,6
1,820	3,6
1,818	3,6
1,815	3,6
1,812	3,6
1,810	3,6
1,807	3,6
1,804	3,6
1,802	3,6
1,799	3,6
1,796	3,6
1,794	3,6
1,791	3,6
1,788	3,6
1,786	3,6
1,783	3,6
1,780	3,6
1,778	3,6
1,775	3,6
1,772	3,6
1,769	3,6
1,767	3,6
1,764	3,6
1,761	3,6
1,759	3,6
1,756	3,6
1,753	3,6
1,751	3,6
1,748	3,6
1,745	3,6
1,743	3,6
1,740	3,6
1,737	3,6
1,735	3,6
1,732	3,6
1,729	3,6
1,727	3,6
1,724	3,6
1,721	3,6
1,719	3,6
1,716	3,6
1,713	3,6
1,711	3,6
1,708	3,6
1,705	3,6
1,703	3,6
1,700	3,6
1,697	3,6
1,695	3,6
1,692	3,6
1,689	3,6
1,687	3,6
1,684	3,6
1,681	3,6
1,679	3,6
1,676	3,6
1,673	3,6
1,671	3,6
1,668	3,6
1,665	3,6
1,663	3,6
1,660	3,6
1,657	3,6
1,655	3,6
1,652	3,6
1,649	3,6
1,647	3,6
1,644	3,6
1,641	3,6
1,639	3,6
1,636	3,6
1,633	3,6
1,631	3,6
1,628	3,6
1,625	3,6
1,623	3,6
1,620	3,6
1,617	3,6
1,615	3,6
1,612	3,6
1,609	3,6
1,607	3,6
1,604	3,6
1,601	3,6
1,599	3,6
1,596	3,6
1,593	3,6
1,591	3,6
1,588	3,6
1,585	3,6
1,582	3,6
1,580	3,6
1,577	3,6
1,574	3,7
1,572	3,7
1,569	3,7
1,566	3,7
1,564	3,7
1,561	3,7
1,558	3,8
1,556	3,8
1,553	3,9
1,550	3,9
1,548	3,9
1,545	4,0
1,542	4,0
1,540	4,0
1,537	4,0
1,534	4,0
1,532	4,0
1,529	4,0
1,526	4,0
1,524	4,0
1,521	4,0
1,518	4,0
1,516	4,0
1,513	4,0
1,510	3,9
1,508	3,9
1,505	3,9
1,502	3,8
1,500	3,8
1,497	3,8
1,494	3,8
1,492	3,7
1,489	3,7
1,486	3,7
1,484	3,7
1,481	3,6
1,478	3,6
1,476	3,6
1,473	3,6
1,470	3,6
1,468	3,6
1,465	3,6
1,462	3,6
1,460	3,6
1,457	3,6
1,454	3,6
1,452	3,6
1,449	3,6
1,446	3,6
1,444	3,6
1,441	3,6
1,438	3,6
1,436	3,6
1,433	3,6
1,430	3,6
1,428	3,6
1,425	3,6
1,422	3,6
1,419	3,6
1,417	3,6
1,414	3,6
1,411	3,6
1,409	3,6
1,406	3,6
1,403	3,6
1,401	3,6
1,398	3,6
1,395	3,6
1,393	3,6
1,390	3,6
1,387	3,6
1,385	3,6
1,382	3,6
1,379	3,6
1,377	3,6
1,374	3,6
1,371	3,6
1,369	3,6
1,366	3,6
1,363	3,6
1,361	3,6
1,358	3,6
1,355	3,6
1,353	3,6
1,350	3,6
1,347	3,6
1,345	3,6
1,342	3,6
1,339	3,6
1,337	3,6
1,334	3,6
1,331	3,6
1,329	3,6
1,326	3,6
1,323	3,6
1,321	3,6
1,318	3,6
1,315	3,6
1,313	3,6
1,310	3,6
1,307	3,6
1,305	3,6
1,302	3,6
1,299	3,6
1,297	3,6
1,294	3,6
1,291	3,6
1,289	3,6
1,286	3,6
1,283	3,6
1,281	3,6
1,278	3,6
1,275	3,6
1,273	3,6
1,270	3,6
1,267	3,6
1,265	3,6
1,262	3,6
1,259	3,6
1,256	3,6
1,254	3,6
1,251	3,6
1,248	3,6
1,246	3,6
1,243	3,6
1,240	3,6
1,238	3,6
1,235	3,6
1,232	3,6
1,230	3,6
1,227	3,6
1,224	3,6
1,222	3,6
1,219	3,6
1,216	3,6
1,214	3,6
1,211	3,6
1,208	3,6
1,206	3,6
1,203	3,6
1,200	3,6
1,198	3,6
1,195	3,6
1,192	3,6
1,190	3,6
1,187	3,6
1,184	3,6
1,182	3,6
1,179	3,6
1,176	3,6
1,174	3,6
1,171	3,6
1,168	3,6
1,166	3,6
1,163	3,6
1,160	3,6
1,158	3,6
1,155	3,6
1,152	3,6
1,150	3,6
1,147	3,6
1,144	3,6
1,142	3,6
1,139	3,6
1,136	3,6
1,134	3,6
1,131	3,6
1,128	3,6
1,126	3,6
1,123	3,6
1,120	3,6
1,118	3,6
1,115	3,6
1,112	3,6
1,109	3,6
1,107	3,6
1,104	3,6
1,101	3,6
1,099	3,6
1,096	3,6
1,093	3,6
1,091	3,6
1,088	3,6
1,085	3,6
1,083	3,6
1,080	3,6
1,077	3,6
1,075	3,6
1,072	3,6
1,069	3,6
1,067	3,6
1,064	3,6
1,061	3,6
1,059	3,6
1,056	3,6
1,053	3,6
1,051	3,6
1,048	3,6
1,045	3,6
1,043	3,6
1,040	3,6
1,037	3,6
1,035	3,6
1,032	3,6
1,029	3,6
1,027	3,6
1,024	3,6
1,021	3,6
1,019	3,6
1,016	3,6
1,013	3,6
1,011	3,6
1,008	3,6
1,005	3,6
1,003	3,6
1,000	3,6
0,997	3,6
0,995	3,6
0,992	3,6
0,989	3,6
0,987	3,6
0,984	3,6
0,981	3,6
0,979	3,6
0,976	3,6
0,973	3,6
0,970	3,6
0,968	3,6
0,965	3,6
0,962	3,6
0,960	3,6
0,957	3,6
0,954	3,6
0,952	3,6
0,949	3,6
0,946	3,6
0,944	3,6
0,941	3,6
0,938	3,6
0,936	3,6
0,933	3,6
0,930	3,6
0,928	3,6
0,925	3,6
0,922	3,6
0,920	3,6
0,917	3,6
0,914	3,6
0,912	3,6
0,909	3,6
0,906	3,6
0,904	3,6
0,901	3,6
0,898	3,6
0,896	3,6
0,893	3,6
0,890	3,6
0,888	3,6
0,885	3,6
0,882	3,6
0,880	3,6
0,877	3,6
0,874	3,6
0,872	3,6
0,869	3,6
0,866	3,6
0,864	3,6
0,861	3,6
0,858	3,6
0,856	3,6
0,853	3,6
0,850	3,6
0,848	3,6
0,845	3,6
0,842	3,6
0,840	3,6
0,837	3,6
0,834	3,6
0,831	3,6
0,829	3,6
0,826	3,6
0,823	3,6
0,821	3,6
0,818	3,6
0,815	3,6
0,813	3,6
0,810	3,6
0,807	3,6
0,805	3,6
0,802	3,6
0,799	3,6
0,797	3,6
0,794	3,6
0,791	3,6
0,789	3,6
0,786	3,6
0,783	3,6
0,781	3,6
0,778	3,6
0,775	3,6
0,773	3,6
0,770	3,6
0,767	3,6
0,765	3,6
0,762	3,6
0,759	3,6
0,757	3,6
0,754	3,6
0,751	3,6
0,749	3,6
0,746	3,6
0,743	3,6
0,741	3,6
0,738	3,6
0,735	3,6
0,733	3,6
0,730	3,6
0,727	3,6
0,725	3,6
0,722	3,6
0,719	3,6
0,717	3,6
0,714	3,6
0,711	3,6
0,709	3,6
0,706	3,6
0,703	3,6
0,701	3,6
0,698	3,6
0,695	3,6
0,692	3,6
0,690	3,6
0,687	3,6
0,684	3,6
0,682	3,6
0,679	3,6
0,676	3,6
0,674	3,6
0,671	3,6
0,668	3,6
0,666	3,6
0,663	3,6
0,660	3,6
0,658	3,6
0,655	3,6
0,652	3,6
0,650	3,6
0,647	3,6
0,644	3,6
0,642	3,6
0,639	3,6
0,636	3,6
0,634	3,6
0,631	3,6
0,628	3,6
0,626	3,6
0,623	3,6
0,620	3,6
0,618	3,6
0,615	3,6
0,612	3,6
0,610	3,5
0,607	3,6
0,604	3,6
0,602	3,6
0,599	3,6
0,596	3,6
0,594	3,6
0,591	3,6
0,588	3,6
0,586	3,6
0,583	3,5
0,580	3,5
0,578	3,5
0,575	3,5
0,572	3,5
0,570	3,5
0,567	3,5
0,564	3,5
0,561	3,5
0,559	3,6
0,556	3,6
0,553	3,6
0,551	3,6
0,548	3,6
0,545	3,5
0,543	3,5
0,540	3,5
0,537	3,5
0,535	3,5
0,532	3,5
0,529	3,5
0,527	3,5
0,524	3,5
0,521	3,6
0,519	3,5
0,516	3,6
0,513	3,6
0,511	3,6
0,508	3,5
0,505	3,5
0,503	3,5
0,500	3,5
0,497	3,5
0,495	3,5
0,492	3,5
0,489	3,5
0,487	3,5
0,484	3,5
0,481	3,5
0,479	3,5
0,476	3,5
0,473	3,5
0,471	3,5
0,468	3,5
0,465	3,5
0,463	3,5
0,460	3,5
0,457	3,5
0,455	3,5
0,452	3,5
0,449	3,4
0,447	3,5
0,444	3,5
0,441	3,5
0,438	3,5
0,436	3,5
0,433	3,5
0,430	3,5
0,428	3,5
0,425	3,5
0,422	3,5
0,420	3,5
0,417	3,5
0,414	3,5
0,412	3,5
0,409	3,5
0,406	3,5
0,404	3,5
0,401	3,5
0,398	3,4
0,396	3,5
0,393	3,5
0,390	3,4
0,388	3,4
0,385	3,4
0,382	3,4
0,380	3,4
0,377	3,5
0,374	3,4
0,372	3,4
0,369	3,4
0,366	3,5
0,364	3,5
0,361	3,5
0,358	3,4
0,356	3,4
0,353	3,4
0,350	3,5
0,348	3,4
0,345	3,4
0,342	3,4
0,340	3,5
0,337	3,4
0,334	3,4
0,332	3,4
0,329	3,4
0,326	3,4
0,324	3,4
0,321	3,4
0,318	3,4
0,316	3,4
0,313	3,4
0,310	3,4
0,307	3,4
0,305	3,4
0,302	3,4
0,299	3,4
0,297	3,4
0,294	3,4
0,291	3,4
0,289	3,4
0,286	3,4
0,283	3,4
0,281	3,4
0,278	3,4
0,275	3,4
0,273	3,4
0,270	3,4
0,267	3,4
0,265	3,4
0,262	3,4
0,259	3,4
0,257	3,4
0,254	3,4
0,251	3,4
0,249	3,4
0,246	3,4
0,243	3,4
0,241	3,4
0,238	3,4
0,235	3,4
0,233	3,4
0,230	3,3
0,227	3,4
0,225	3,4
0,222	3,4
0,219	3,3
0,217	3,4
0,214	3,4
0,211	3,4
0,209	3,4
0,206	3,4
0,203	3,3
0,201	3,3
0,198	3,3
0,195	3,4
0,193	3,3
0,190	3,3
0,187	3,3
0,184	3,3
0,182	3,3
0,179	3,3
0,176	3,3
0,174	3,3
0,171	3,3
0,168	3,3
0,166	3,3
0,163	3,3
0,160	3,3
0,158	3,3
0,155	3,3
0,152	3,3
0,150	3,3
0,147	3,3
0,144	3,3
0,142	3,3
0,139	3,3
0,136	3,3
0,134	3,3
0,131	3,3
0,128	3,3
0,126	3,3
0,123	3,3
0,120	3,3
0,118	3,3
0,115	3,3
0,112	3,3
0,110	3,3
0,107	3,3
0,104	3,3
0,102	3,3
0,099	3,3
0,096	3,3
0,094	3,3
0,091	3,3
0,088	3,3
0,086	3,3
0,083	3,3
0,080	3,3
0,078	3,3
0,075	3,3
0,072	3,3
0,070	3,3
0,067	3,3
0,064	3,3
0,061	3,3
0,059	3,3
0,056	3,3
0,053	3,3
0,051	3,3
0,048	3,3
0,045	3,3
0,043	3,3
0,040	3,3
0,037	3,3
0,035	3,3
0,032	3,3
0,029	3,3
0,027	3,3
0,024	3,3
0,021	3,3
0,019	3,3
0,016	3,3
0,013	3,3
0,011	3,2
0,008	3,3
0,005	3,3
0,003	3,3
0,000	3,4
-0,003	3,4
-0,005	3,3
-0,008	3,3
-0,011	3,3
-0,013	3,3
-0,016	3,2
-0,019	3,3
-0,021	3,2
-0,024	3,2
-0,027	3,2
-0,029	3,2
-0,032	3,2
-0,035	3,2
-0,037	3,2
-0,040	3,2
-0,043	3,2
-0,045	3,2
-0,048	3,2
-0,051	3,2
-0,053	3,2
-0,056	3,2
-0,059	3,2
-0,061	3,2
-0,064	3,2
-0,067	3,2
-0,070	3,2
-0,072	3,2
-0,075	3,2
-0,078	3,2
-0,080	3,2
-0,083	3,2
-0,086	3,2
-0,088	3,2
-0,091	3,2
-0,094	3,2
-0,096	3,2
-0,099	3,2
-0,102	3,2
-0,104	3,2
-0,107	3,2
-0,110	3,2
-0,112	3,2
-0,115	3,2
-0,118	3,2
-0,120	3,2
-0,123	3,2
-0,126	3,2
-0,128	3,2
-0,131	3,2
-0,134	3,2
-0,136	3,2
-0,139	3,2
-0,142	3,2
-0,144	3,2
-0,147	3,2
-0,150	3,2
-0,152	3,2
-0,155	3,2
-0,158	3,2
-0,160	3,2
-0,163	3,2
-0,166	3,2
-0,168	3,2
-0,171	3,2
-0,174	3,2
-0,176	3,2
-0,179	3,2
-0,182	3,2
-0,184	3,2
-0,187	3,2
-0,190	3,2
-0,193	3,2
-0,195	3,2
-0,198	3,2
-0,201	3,2
-0,203	3,2
-0,206	3,2
-0,209	3,2
-0,211	3,2
-0,214	3,2
-0,217	3,2
-0,219	3,2
-0,222	3,2
-0,225	3,2
-0,227	3,2
-0,230	3,2
-0,233	3,2
-0,235	3,2
-0,238	3,2
-0,241	3,2
-0,243	3,2
-0,246	3,2
-0,249	3,2
-0,251	3,2
-0,254	3,2
-0,257	3,2
-0,259	3,2
-0,262	3,2
-0,265	3,2
-0,267	3,2
-0,270	3,2
-0,273	3,2
-0,275	3,2
-0,278	3,2
-0,281	3,2
-0,283	3,2
-0,286	3,2
-0,289	3,2
-0,291	3,2
-0,294	3,2
-0,297	3,2
-0,299	3,1
-0,302	3,1
-0,305	3,2
-0,307	3,2
-0,310	3,2
-0,313	3,2
-0,316	3,2
-0,318	3,2
-0,321	3,2
-0,324	3,2
-0,326	3,2
-0,329	3,2
-0,332	3,2
-0,334	3,2
-0,337	3,2
-0,340	3,2
-0,342	3,2
-0,345	3,2
-0,348	3,2
-0,350	3,2
-0,353	3,2
-0,356	3,1
-0,358	3,2
-0,361	3,2
-0,364	3,1
-0,366	3,1
-0,369	3,1
-0,372	3,2
-0,374	3,1
-0,377	3,1
-0,380	3,2
-0,382	3,2
-0,385	3,1
-0,388	3,2
-0,390	3,2
-0,393	3,2
-0,396	3,2
-0,398	3,2
-0,401	3,2
-0,404	3,2
-0,406	3,2
-0,409	3,2
-0,412	3,1
-0,414	3,1
-0,417	3,2
-0,420	3,2
-0,422	3,1
-0,425	3,1
-0,428	3,2
-0,430	3,2
-0,433	3,1
-0,436	3,1
-0,438	3,1
-0,441	3,1
-0,444	3,1
-0,447	3,1
-0,449	3,1
-0,452	3,1
-0,455	3,1
-0,457	3,2
-0,460	3,1
-0,463	3,1
-0,465	3,1
-0,468	3,2
-0,471	3,1
-0,473	3,1
-0,476	3,1
-0,479	3,1
-0,481	3,1
-0,484	3,1
-0,487	3,2
-0,489	3,2
-0,492	3,1
-0,495	3,1
-0,497	3,1
-0,500	3,1
-0,503	3,1
-0,505	3,1
-0,508	3,1
-0,511	3,1
-0,513	3,1
-0,516	3,1
-0,519	3,1
-0,521	3,1
-0,524	3,1
-0,527	3,1
-0,529	3,1
-0,532	3,1
-0,535	3,1
-0,537	3,1
-0,540	3,1
-0,543	3,1
-0,545	3,1
-0,548	3,1
-0,551	3,1
-0,553	3,2
-0,556	3,1
-0,559	3,1
-0,561	3,1
-0,564	3,1
-0,567	3,1
-0,570	3,1
-0,572	3,1
-0,575	3,1
-0,578	3,1
-0,580	3,1
-0,583	3,1
-0,586	3,1
-0,588	3,1
-0,591	3,1
-0,594	3,0
-0,596	3,1
-0,599	3,1
-0,602	3,0
-0,604	3,0
-0,607	3,1
-0,610	3,0
-0,612	3,1
-0,615	3,0
-0,618	3,1
-0,620	3,1
-0,623	3,1
-0,626	3,1
-0,628	3,1
-0,631	3,1
-0,634	3,0
-0,636	3,0
-0,639	3,1
-0,642	3,0
-0,644	3,0
-0,647	3,0
-0,650	3,1
-0,652	3,0
-0,655	3,1
-0,658	3,1
-0,660	3,1
-0,663	3,0
-0,666	3,1
-0,668	3,0
-0,671	3,0
-0,674	3,0
-0,676	3,1
-0,679	3,0
-0,682	3,0
-0,684	3,0
-0,687	3,1
-0,690	3,0
-0,692	3,0
-0,695	3,0
-0,698	3,0
-0,701	3,0
-0,703	3,0
-0,706	3,0
-0,709	3,0
-0,711	3,0
-0,714	3,0
-0,717	3,0
-0,719	3,0
-0,722	3,0
-0,725	3,0
-0,727	3,0
-0,730	3,0
-0,733	3,0
-0,735	3,0
-0,738	3,0
-0,741	3,1
-0,743	3,0
-0,746	3,0
-0,749	3,0
-0,751	3,0
-0,754	2,9
-0,757	2,9
-0,759	3,0
-0,762	3,0
-0,765	3,0
-0,767	3,0
-0,770	3,0
-0,773	3,0
-0,775	2,9
-0,778	3,0
-0,781	3,0
-0,783	3,0
-0,786	2,9
-0,789	2,9
-0,791	2,9
-0,794	2,9
-0,797	2,9
-0,799	3,0
-0,802	3,0
-0,805	3,0
-0,807	3,0
-0,810	3,0
-0,813	2,9
-0,815	3,0
-0,818	3,0
-0,821	3,0
-0,823	2,9
-0,826	2,9
-0,829	2,9
-0,831	2,9
-0,834	2,9
-0,837	2,9
-0,840	2,9
-0,842	2,9
-0,845	2,9
-0,848	2,9
-0,850	2,9
-0,853	2,9
-0,856	2,9
-0,858	2,9
-0,861	2,8
-0,864	2,9
-0,866	2,9
-0,869	2,9
-0,872	2,9
-0,874	2,9
-0,877	2,9
-0,880	2,9
-0,882	2,9
-0,885	2,9
-0,888	2,9
-0,890	2,9
-0,893	2,9
-0,896	2,9
-0,898	2,9
-0,901	2,9
-0,904	2,9
-0,906	2,9
-0,909	2,9
-0,912	2,9
-0,914	2,9
-0,917	2,9
-0,920	2,9
-0,922	2,9
-0,925	2,9
-0,928	2,9
-0,930	2,9
-0,933	2,9
-0,936	2,9
-0,938	2,9
-0,941	2,9
-0,944	2,9
-0,946	2,9
-0,949	2,9
-0,952	2,9
-0,954	2,9
-0,957	2,9
-0,960	2,9
-0,962	2,9
-0,965	2,9
-0,968	2,9
-0,970	2,9
-0,973	2,9
-0,976	2,9
-0,979	2,9
-0,981	2,9
-0,984	2,9
-0,987	2,9
-0,989	2,9
-0,992	2,9
-0,995	2,8
-0,997	2,9
-1,000	2,8
-1,003	2,8
-1,005	2,8
-1,008	2,9
-1,011	2,8
-1,013	2,8
-1,016	2,8
-1,019	2,8
-1,021	2,8
-1,024	2,8
-1,027	2,9
-1,029	2,9
-1,032	2,8
-1,035	2,8
-1,037	2,8
-1,040	2,8
-1,043	2,8
-1,045	2,9
-1,048	2,8
-1,051	2,8
-1,053	2,8
-1,056	2,9
-1,059	2,8
-1,061	2,8
-1,064	2,8
-1,067	2,9
-1,069	2,9
-1,072	2,9
-1,075	2,8
-1,077	2,8
-1,080	2,8
-1,083	2,8
-1,085	2,8
-1,088	2,9
-1,091	2,8
-1,093	2,8
-1,096	2,8
-1,099	2,8
-1,101	2,8
-1,104	2,8
-1,107	2,8
-1,109	2,8
-1,112	2,8
-1,115	2,8
-1,118	2,8
-1,120	2,8
-1,123	2,8
-1,126	2,8
-1,128	2,8
-1,131	2,8
-1,134	2,8
-1,136	2,8
-1,139	2,8
-1,142	2,8
-1,144	2,8
-1,147	2,8
-1,150	2,8
-1,152	2,8
-1,155	2,8
-1,158	2,8
-1,160	2,8
-1,163	2,8
-1,166	2,8
-1,168	2,8
-1,171	2,8
-1,174	2,8
-1,176	2,8
-1,179	2,8
-1,182	2,8
-1,184	2,8
-1,187	2,8
-1,190	2,8
-1,192	2,8
-1,195	2,8
-1,198	2,8
-1,200	2,8
-1,203	2,8
-1,206	2,8
-1,208	2,8
-1,211	2,8
-1,214	2,8
-1,216	2,8
-1,219	2,8
-1,222	2,8
-1,224	2,8
-1,227	2,8
-1,230	2,8
-1,232	2,8
-1,235	2,8
-1,238	2,8
-1,240	2,8
-1,243	2,8
-1,246	2,8
-1,248	2,8
-1,251	2,8
-1,254	2,8
-1,256	2,8
-1,259	2,8
-1,262	2,8
-1,265	2,8
-1,267	2,8
-1,270	2,8
-1,273	2,8
-1,275	2,8
-1,278	2,8
-1,281	2,8
-1,283	2,8
-1,286	2,8
-1,289	2,8
-1,291	2,8
-1,294	2,8
-1,297	2,8
-1,299	2,8
-1,302	2,8
-1,305	2,8
-1,307	2,8
-1,310	2,8
-1,313	2,8
-1,315	2,8
-1,318	2,8
-1,321	2,8
-1,323	2,8
-1,326	2,8
-1,329	2,8
-1,331	2,8
-1,334	2,8
-1,337	2,8
-1,339	2,8
-1,342	2,8
-1,345	2,8
-1,347	2,8
-1,350	2,8
-1,353	2,8
-1,355	2,8
-1,358	2,8
-1,361	2,8
-1,363	2,8
-1,366	2,8
-1,369	2,8
-1,371	2,8
-1,374	2,8
-1,377	2,8
-1,379	2,8
-1,382	2,8
-1,385	2,8
-1,387	2,8
-1,390	2,8
-1,393	2,8
-1,395	2,8
-1,398	2,8
-1,401	2,8
-1,403	2,8
-1,406	2,8
-1,409	2,8
-1,411	2,8
-1,414	2,8
-1,417	2,8
-1,419	2,8
-1,422	2,8
-1,425	2,8
-1,428	2,7
-1,430	2,7
-1,433	2,8
-1,436	2,8
-1,438	2,7
-1,441	2,8
-1,444	2,8
-1,446	2,8
-1,449	2,8
-1,452	2,8
-1,454	2,8
-1,457	2,8
-1,460	2,8
-1,462	2,8
-1,465	2,8
-1,468	2,8
-1,470	2,8
-1,473	2,8
-1,476	2,8
-1,478	2,8
-1,481	2,8
-1,484	2,8
-1,486	2,8
-1,489	2,8
-1,492	2,8
-1,494	2,8
-1,497	2,8
-1,500	2,8
-1,502	2,8
-1,505	2,8
-1,508	2,9
-1,510	2,9
-1,513	3,0
-1,516	3,1
-1,518	3,2
-1,521	3,2
-1,524	3,3
-1,526	3,6
-1,529	3,7
-1,532	4,0
-1,534	4,1
-1,537	4,4
-1,540	4,6
-1,542	4,9
-1,545	5,2
-1,548	5,6
-1,550	5,9
-1,553	6,2
-1,556	6,4
-1,558	6,6
-1,561	6,7
-1,564	6,8
-1,566	6,8
-1,569	6,8
-1,572	6,8
-1,574	6,8
-1,577	6,5
-1,580	6,4
-1,582	6,3
-1,585	6,2
-1,588	5,9
-1,591	5,6
-1,593	5,3
-1,596	4,9
-1,599	4,6
-1,601	4,3
-1,604	3,9
-1,607	3,6
-1,609	3,3
-1,612	3,2
-1,615	3,0
-1,617	2,9
-1,620	2,8
-1,623	2,8
-1,625	2,8
-1,628	2,8
-1,631	2,8
-1,633	2,7
-1,636	2,7
-1,639	2,7
-1,641	2,7
-1,644	2,7
-1,647	2,7
-1,649	2,7
-1,652	2,7
-1,655	2,6
-1,657	2,7
-1,660	2,7
-1,663	2,7
-1,665	2,7
-1,668	2,6
-1,671	2,7
-1,673	2,6
-1,676	2,6
-1,679	2,6
-1,681	2,7
-1,684	2,6
-1,687	2,6
-1,689	2,6
-1,692	2,6
-1,695	2,6
-1,697	2,7
-1,700	2,6
-1,703	2,6
-1,705	2,6
-1,708	2,6
-1,711	2,6
-1,713	2,6
-1,716	2,6
-1,719	2,6
-1,721	2,6
-1,724	2,6
-1,727	2,6
-1,729	2,6
-1,732	2,5
-1,735	2,6
-1,737	2,6
-1,740	2,6
-1,743	2,5
-1,745	2,6
-1,748	2,5
-1,751	2,5
-1,753	2,5
-1,756	2,5
-1,759	2,5
-1,761	2,5
-1,764	2,5
-1,767	2,5
-1,769	2,5
-1,772	2,6
-1,775	2,5
-1,778	2,5
-1,780	2,5
-1,783	2,5
-1,786	2,5
-1,788	2,5
-1,791	2,5
-1,794	2,5
-1,796	2,5
-1,799	2,5
-1,802	2,5
-1,804	2,5
-1,807	2,5
-1,810	2,5
-1,812	2,5
-1,815	2,5
-1,818	2,5
-1,820	2,5
-1,823	2,5
-1,826	2,5
-1,828	2,5
-1,831	2,5
-1,834	2,5
-1,836	2,5
-1,839	2,5
-1,842	2,5
-1,844	2,5
-1,847	2,5
-1,850	2,5
-1,852	2,5
-1,855	2,5
-1,858	2,5
-1,860	2,5
-1,863	2,5
-1,866	2,5
-1,868	2,5
-1,871	2,5
-1,874	2,5
-1,876	2,5
-1,879	2,6
-1,882	2,5
-1,884	2,5
-1,887	2,6
-1,890	2,7
-1,892	2,7
-1,895	2,7
-1,898	2,7
-1,900	2,8
-1,903	2,8
-1,906	2,8
-1,908	2,8
-1,911	2,9
-1,914	2,9
-1,916	3,0
-1,919	3,0
-1,922	3,1
-1,924	3,1
-1,927	3,2
-1,930	3,2
-1,932	3,2
-1,935	3,2
-1,938	3,2
-1,940	3,1
-1,943	3,2
-1,946	3,2
-1,948	3,2
-1,951	3,1
-1,954	3,0
-1,956	2,9
-1,959	2,9
-1,962	2,8
-1,964	2,8
-1,967	2,7
-1,970	2,7
-1,972	2,6
-1,975	2,6
-1,978	2,5
-1,980	2,4
-1,983	2,4
-1,986	2,4
-1,989	2,4
-1,991	2,4
-1,994	2,4
-1,997	2,5
-1,999	2,5
-2,002	2,5
-2,005	2,4
-2,007	2,4
-2,010	2,4
-2,013	2,5
-2,015	2,4
-2,018	2,4
-2,021	2,4
-2,023	2,5
-2,026	2,4
-2,029	2,4
-2,031	2,4
-2,034	2,4
-2,037	2,4
-2,039	2,4
-2,042	2,4
-2,045	2,4
-2,047	2,4
-2,050	2,4
-2,053	2,4
-2,055	2,4
-2,058	2,4
-2,061	2,4
-2,063	2,4
-2,066	2,4
-2,069	2,4
-2,071	2,4
-2,074	2,4
-2,077	2,5
-2,079	2,4
-2,082	2,4
-2,085	2,4
-2,087	2,4
-2,090	2,4
-2,093	2,4
-2,095	2,4
-2,098	2,4
-2,101	2,4
-2,103	2,4
-2,106	2,4
-2,109	2,4
-2,111	2,4
-2,114	2,4
-2,117	2,4
-2,119	2,4
-2,122	2,4
-2,125	2,4
-2,127	2,4
-2,130	2,4
-2,133	2,4
-2,135	2,5
-2,138	2,4
-2,141	2,4
-2,143	2,4
-2,146	2,5
-2,149	2,4
-2,151	2,4
-2,154	2,5
-2,157	2,5
-2,159	2,4
-2,162	2,4
-2,165	2,4
-2,167	2,4
-2,170	2,5
-2,173	2,5
-2,175	2,4
-2,178	2,4
-2,181	2,4
-2,183	2,4
-2,186	2,4
-2,189	2,5
-2,191	2,5
-2,194	2,5
-2,197	2,5
-2,199	2,5
-2,202	2,5
-2,205	2,5
-2,207	2,5
-2,210	2,5
-2,213	2,5
-2,215	2,5
-2,218	2,5
-2,221	2,5
-2,223	2,5
-2,226	2,5
-2,229	2,5
-2,231	2,5
-2,234	2,5
-2,237	2,5
-2,240	2,5
-2,242	2,5
-2,245	2,5
-2,248	2,5
-2,250	2,6
-2,253	2,6
-2,256	2,6
-2,258	2,6
-2,261	2,5
-2,264	2,5
-2,266	2,6
-2,269	2,6
-2,272	2,6
-2,274	2,6
-2,277	2,6
-2,280	2,7
-2,282	2,6
-2,285	2,6
-2,288	2,6
-2,290	2,7
-2,293	2,7
-2,296	2,7
-2,298	2,7
-2,301	2,7
-2,304	2,7
-2,306	2,7
-2,309	2,7
-2,312	2,7
-2,314	2,7
-2,317	2,7
-2,320	2,7
-2,322	2,7
-2,325	2,7
-2,328	2,7
-2,330	2,7
-2,333	2,7
-2,336	2,7
-2,338	2,7
-2,341	2,7
-2,344	2,8
-2,346	2,8
-2,349	2,8
-2,352	2,8
-2,354	2,8
-2,357	2,7
-2,360	2,7
-2,362	2,7
-2,365	2,8
-2,368	2,8
-2,370	2,8
-2,373	2,8
-2,376	2,8
-2,378	2,8
-2,381	2,8
-2,384	2,8
-2,386	2,8
-2,389	2,8
-2,392	2,8
-2,394	2,8
-2,397	2,8
-2,400	2,8
-2,402	2,8
-2,405	2,8
-2,408	2,8
-2,410	2,8
-2,413	2,8
-2,416	2,8
-2,418	2,8
-2,421	2,8
-2,424	2,8
-2,426	2,8
-2,429	2,8
-2,432	2,8
-2,434	2,8
-2,437	2,8
-2,440	2,8
-2,442	2,8
-2,445	2,8
-2,448	2,8
-2,450	2,8
-2,453	2,8
-2,456	2,8
-2,458	2,8
-2,461	2,8
-2,464	2,8
-2,466	2,8
-2,469	2,8
-2,472	2,8
-2,474	2,8
-2,477	2,8
-2,480	2,8
-2,482	2,8
-2,485	2,8
-2,488	2,8
-2,490	2,8
-2,493	2,8
-2,496	2,8
-2,498	2,9
-2,501	2,8
-2,504	2,8
-2,506	2,8
-2,509	2,8
-2,512	2,8
-2,514	2,9
-2,517	2,9
-2,520	2,9
-2,522	2,8
-2,525	2,9
-2,528	2,9
-2,530	2,9
-2,533	2,9
-2,536	2,9
-2,538	2,9
-2,541	2,9
-2,544	2,9
-2,546	2,9
-2,549	2,9
-2,552	2,9
-2,554	2,9
-2,557	2,9
-2,560	2,9
-2,562	3,0
-2,565	2,9
-2,568	2,9
-2,570	3,0
-2,573	3,0
-2,576	3,0
-2,578	3,0
-2,581	3,0
-2,584	3,0
-2,586	3,0
-2,589	3,0
-2,592	3,0
-2,594	3,0
-2,597	3,0
-2,600	3,0
-2,602	3,0
-2,605	2,9
-2,608	2,9
-2,610	3,0
-2,613	3,0
-2,616	3,0
-2,619	3,0
-2,621	3,0
-2,624	3,0
-2,627	3,0
-2,629	3,1
-2,632	3,1
-2,635	3,0
-2,637	3,0
-2,640	3,0
-2,643	3,0
-2,645	3,0
-2,648	3,1
-2,651	3,1
-2,653	3,1
-2,656	3,1
-2,659	3,1
-2,661	3,1
-2,664	3,1
-2,667	3,1
-2,669	3,2
-2,672	3,2
-2,675	3,2
-2,677	3,2
-2,680	3,2
-2,683	3,1
-2,685	3,2
-2,688	3,2
-2,691	3,2
-2,693	3,2
-2,696	3,2
-2,699	3,2
-2,701	3,2
-2,704	3,2
-2,707	3,2
-2,709	3,2
-2,712	3,2
-2,715	3,2
-2,717	3,2
-2,720	3,2
-2,723	3,2
-2,725	3,2
-2,728	3,2
-2,731	3,2
-2,733	3,2
